7 64 0 8 0.979903
5 66 0 8 0.976041
4 67 0 8 0.968071
6 65 0 8 0.965848
4 65 0 8 0.964081
3 68 0 8 0.952823
17 31 0 8 0.941028
7 66 0 8 0.939657
4 66 0 8 0.937435
5 65 0 8 0.935939
55 65 0 8 0.916849
6 63 0 8 0.916309
8 64 0 8 0.904062
58 65 0 8 0.891977
6 64 0 8 0.891238
3 67 0 8 0.880777
8 63 0 8 0.878810
2 67 0 8 0.878623
51 67 0 8 0.862226
7 65 0 8 0.859777
55 67 0 8 0.844257
5 68 0 8 0.834576
9 63 0 8 0.797847
23 54 0 8 0.773113
2 68 0 8 0.767843
4 41 0 8 0.766570
4 68 0 8 0.766057
4 42 0 8 0.759316
5 41 0 8 0.748351
16 61 0 8 0.735086
59 65 0 8 0.734843
20 31 0 8 0.734768
16 63 0 8 0.731358
2 51 0 8 0.729764
2 46 0 8 0.728268
6 40 0 8 0.720114
19 61 0 8 0.717464
19 57 0 8 0.710905
6 39 0 8 0.707283
3 43 0 8 0.704478
15 61 0 8 0.703990
4 54 0 8 0.702795
5 40 0 8 0.698145
3 44 0 8 0.694055
19 58 0 8 0.692323
17 35 0 8 0.691577
6 58 0 8 0.684626
4 51 0 8 0.681856
1 45 0 8 0.678981
7 63 0 8 0.670925
16 35 0 8 0.670809
3 41 0 8 0.661421
6 38 0 8 0.661299
17 28 0 8 0.658363
2 45 0 8 0.656524
13 35 0 8 0.655300
17 32 0 8 0.632226
9 62 0 8 0.627401
2 48 0 8 0.624358
21 31 0 8 0.617537
21 28 0 8 0.616445
3 42 0 8 0.613426
6 42 0 8 0.612882
5 42 0 8 0.603538
7 39 0 8 0.601962
16 58 0 8 0.599303
3 45 0 8 0.593708
10 63 0 8 0.592677
23 57 0 8 0.590156
20 35 0 8 0.586712
12 61 0 8 0.586165
10 62 0 8 0.581496
5 67 0 8 0.579603
6 35 0 8 0.569456
9 64 0 8 0.565194
20 34 0 8 0.564717
1 46 0 8 0.564462
4 43 0 8 0.562116
8 62 0 8 0.560962
6 41 0 8 0.558056
16 62 0 8 0.545828
12 62 0 8 0.545469
22 57 0 8 0.531140
1 47 0 8 0.531013
5 39 0 8 0.528736
52 67 0 8 0.519889
2 43 0 8 0.515447
4 46 0 8 0.513099
6 66 0 8 0.508418
21 27 0 8 0.503649
2 44 0 8 0.497485
11 62 0 8 0.495801
7 38 0 8 0.494679
20 58 0 8 0.491723
13 63 0 8 0.488133
8 38 0 8 0.480063
9 38 0 8 0.473232
3 46 0 8 0.471590
12 63 0 8 0.469060
19 60 0 8 0.464581
1 44 0 8 0.462256
2 47 0 8 0.461175
20 26 0 8 0.457218
54 67 0 8 0.450200
7 40 0 8 0.445535
23 53 0 8 0.428648
46 67 0 8 0.425947
55 66 0 8 0.425522
1 48 0 8 0.424942
43 54 0 8 0.421562
43 51 0 8 0.409861
4 55 0 8 0.407612
20 42 0 8 0.401206
23 58 0 8 0.398017
13 36 0 8 0.389485
13 61 0 8 0.383970
1 68 0 8 0.381563
8 39 0 8 0.373917
11 61 0 8 0.369968
9 36 0 8 0.365949
4 44 0 8 0.364374
20 28 0 8 0.362925
20 54 0 8 0.361587
11 63 0 8 0.342949
2 50 0 8 0.341212
18 28 0 8 0.332929
24 42 0 8 0.332479
15 62 0 8 0.322554
24 50 0 8 0.320346
24 45 0 8 0.320026
24 31 0 8 0.318118
13 39 0 8 0.317398
42 67 0 8 0.317095
13 32 0 8 0.315747
23 50 0 8 0.314143
54 65 0 8 0.313267
17 34 0 8 0.312686
9 39 0 8 0.312516
9 35 0 8 0.312512
10 61 0 8 0.310100
4 58 0 8 0.308075
13 62 0 8 0.302641
43 50 0 8 0.299848
1 43 0 8 0.299244
19 54 0 8 0.297754
23 46 0 8 0.291443
23 45 0 8 0.290801
9 61 0 8 0.290750
43 67 0 8 0.290194
16 42 0 8 0.289933
24 46 0 8 0.283650
41 65 0 8 0.281813
20 57 0 8 0.281503
2 42 0 8 0.281175
24 44 0 8 0.280369
15 63 0 8 0.280085
9 37 0 8 0.279579
2 54 0 8 0.278605
18 61 0 8 0.278049
13 40 0 8 0.273410
6 16 0 8 0.272489
51 68 0 8 0.272046
42 65 0 8 0.271745
45 51 0 8 0.270111
24 54 0 8 0.266820
17 42 0 8 0.260025
20 61 0 8 0.256056
14 40 0 8 0.254619
35 63 0 8 0.253489
8 35 0 8 0.251953
46 54 0 8 0.251588
12 39 0 8 0.250239
13 38 0 8 0.250143
15 39 0 8 0.249044
17 41 0 8 0.248660
15 41 0 8 0.248465
15 40 0 8 0.247591
17 43 0 8 0.246959
48 67 0 8 0.246109
9 40 0 8 0.245702
8 37 0 8 0.245441
14 42 0 8 0.245044
15 42 0 8 0.244681
40 63 0 8 0.244525
15 60 0 8 0.244345
40 65 0 8 0.243806
44 68 0 8 0.243689
15 34 0 8 0.243532
34 41 0 8 0.243145
14 39 0 8 0.241165
43 68 0 8 0.240855
23 42 0 8 0.239625
19 63 0 8 0.238383
5 38 0 8 0.238084
24 43 0 8 0.234226
18 44 0 8 0.233938
23 44 0 8 0.232998
41 58 0 8 0.232886
16 44 0 8 0.232097
58 64 0 8 0.231487
8 36 0 8 0.231188
28 54 0 8 0.227639
35 58 0 8 0.226128
40 64 0 8 0.224959
17 30 0 8 0.224771
42 66 0 8 0.223855
41 66 0 8 0.223101
43 55 0 8 0.222781
22 45 0 8 0.222510
42 68 0 8 0.220720
35 41 0 8 0.220405
26 34 0 8 0.220063
17 44 0 8 0.218668
58 67 0 8 0.217739
41 63 0 8 0.217203
17 27 0 8 0.216798
6 34 0 8 0.216188
22 44 0 8 0.215986
10 64 0 8 0.214165
14 41 0 8 0.212770
31 41 0 8 0.211411
21 30 0 8 0.210854
24 30 0 8 0.210163
22 43 0 8 0.208674
44 51 0 8 0.207138
11 39 0 8 0.207018
8 40 0 8 0.205719
45 67 0 8 0.203121
43 65 0 8 0.202600
1 67 0 8 0.199391
31 58 0 8 0.199140
11 38 0 8 0.198837
41 64 0 8 0.197122
20 63 0 8 0.196332
44 67 0 8 0.195652
23 43 0 8 0.195578
3 51 0 8 0.194060
35 61 0 8 0.193383
28 57 0 8 0.191244
43 66 0 8 0.191127
10 38 0 8 0.190688
16 41 0 8 0.187867
1 51 0 8 0.186966
32 58 0 8 0.186750
20 27 0 8 0.186688
5 43 0 8 0.185069
17 26 0 8 0.180268
45 68 0 8 0.178766
31 43 0 8 0.178583
32 61 0 8 0.176840
40 66 0 8 0.176333
56 65 0 8 0.176014
6 37 0 8 0.173860
12 38 0 8 0.173527
2 41 0 8 0.171582
10 36 0 8 0.171555
24 34 0 8 0.171503
8 61 0 8 0.170646
24 53 0 8 0.170267
39 63 0 8 0.169829
4 45 0 8 0.164860
12 40 0 8 0.162786
18 27 0 8 0.161649
6 17 0 8 0.159193
6 36 0 8 0.156485
4 40 0 8 0.155265
6 55 0 8 0.154480
36 61 0 8 0.154476
16 38 0 8 0.152071
32 57 0 8 0.150835
24 47 0 8 0.150691
31 54 0 8 0.150688
4 16 0 8 0.150391
42 54 0 8 0.150272
22 54 0 8 0.149974
20 43 0 8 0.149596
10 39 0 8 0.149436
19 44 0 8 0.149138
38 63 0 8 0.148315
7 37 0 8 0.147328
14 28 0 8 0.146864
35 62 0 8 0.146572
19 45 0 8 0.146514
4 17 0 8 0.146152
27 43 0 8 0.144820
14 32 0 8 0.144673
46 68 0 8 0.142882
16 43 0 8 0.142576
41 54 0 8 0.141401
16 31 0 8 0.141221
19 43 0 8 0.141163
25 44 0 8 0.139135
19 27 0 8 0.138028
25 45 0 8 0.137120
2 20 0 8 0.133600
10 37 0 8 0.133222
41 68 0 8 0.132968
4 20 0 8 0.132952
6 13 0 8 0.132574
23 61 0 8 0.132495
43 58 0 8 0.129630
3 66 0 8 0.128297
11 37 0 8 0.127896
20 65 0 8 0.127551
9 16 0 8 0.127298
39 64 0 8 0.127091
8 65 0 8 0.126938
18 43 0 8 0.126417
11 40 0 8 0.125615
26 43 0 8 0.125440
2 19 0 8 0.124971
16 57 0 8 0.124385
7 41 0 8 0.123482
18 31 0 8 0.122892
16 65 0 8 0.122862
59 67 0 8 0.122411
4 19 0 8 0.122383
16 34 0 8 0.121975
19 62 0 8 0.121278
4 35 0 8 0.119711
14 61 0 8 0.119527
6 14 0 8 0.119470
34 40 0 8 0.118639
16 60 0 8 0.118307
16 40 0 8 0.118055
1 50 0 8 0.117823
7 35 0 8 0.115564
26 42 0 8 0.115367
22 46 0 8 0.115213
12 60 0 8 0.114639
41 67 0 8 0.113858
51 65 0 8 0.113612
6 54 0 8 0.112312
52 68 0 8 0.111741
55 68 0 8 0.111125
6 15 0 8 0.110989
18 26 0 8 0.109844
23 51 0 8 0.108874
48 68 0 8 0.106184
2 52 0 8 0.105909
42 51 0 8 0.105583
14 35 0 8 0.104498
36 63 0 8 0.104381
13 37 0 8 0.102363
50 67 0 8 0.102175
21 45 0 8 0.102137
35 65 0 8 0.101002
4 34 0 8 0.100741
20 44 0 8 0.100117
20 30 0 8 0.099514
23 47 0 8 0.098675
18 45 0 8 0.098590
19 26 0 8 0.098254
20 45 0 8 0.097512
25 43 0 8 0.097035
20 40 0 8 0.096927
17 63 0 8 0.095578
11 64 0 8 0.095457
12 37 0 8 0.095204
4 31 0 8 0.094897
15 58 0 8 0.094599
7 36 0 8 0.094239
17 61 0 8 0.093308
24 57 0 8 0.090506
28 53 0 8 0.090031
5 64 0 8 0.090004
10 35 0 8 0.088415
10 40 0 8 0.088149
39 68 0 8 0.087922
11 36 0 8 0.087718
9 15 0 8 0.087606
27 54 0 8 0.087393
7 16 0 8 0.086672
12 35 0 8 0.086663
45 54 0 8 0.085156
2 55 0 8 0.084673
4 39 0 8 0.084412
2 23 0 8 0.084217
22 53 0 8 0.083517
20 67 0 8 0.083409
18 57 0 8 0.083377
21 46 0 8 0.083058
6 20 0 8 0.082514
6 61 0 8 0.082434
4 50 0 8 0.082392
2 21 0 8 0.081744
28 34 0 8 0.081182
55 64 0 8 0.080622
4 38 0 8 0.080358
8 16 0 8 0.079490
5 16 0 8 0.079254
44 50 0 8 0.078673
7 14 0 8 0.078231
9 58 0 8 0.078027
4 18 0 8 0.077851
40 67 0 8 0.077826
28 43 0 8 0.077794
3 19 0 8 0.077119
11 60 0 8 0.077035
15 38 0 8 0.076963
19 46 0 8 0.076343
1 41 0 8 0.076309
4 48 0 8 0.076242
15 57 0 8 0.076024
2 26 0 8 0.076006
8 66 0 8 0.075837
8 15 0 8 0.075411
23 34 0 8 0.074729
27 45 0 8 0.074443
7 15 0 8 0.074198
34 42 0 8 0.074153
23 56 0 8 0.073769
1 49 0 8 0.073663
38 64 0 8 0.073635
32 63 0 8 0.072965
36 62 0 8 0.072938
59 66 0 8 0.072800
40 68 0 8 0.072151
39 66 0 8 0.072148
5 44 0 8 0.071840
25 46 0 8 0.071576
14 63 0 8 0.071238
4 30 0 8 0.071219
22 28 0 8 0.071176
8 58 0 8 0.070742
8 14 0 8 0.070623
31 63 0 8 0.070337
35 42 0 8 0.070268
9 34 0 8 0.069948
2 27 0 8 0.069886
47 67 0 8 0.069674
20 32 0 8 0.069616
6 31 0 8 0.068971
3 40 0 8 0.068096
7 13 0 8 0.067866
1 21 0 8 0.067654
28 58 0 8 0.067562
2 65 0 8 0.067558
25 50 0 8 0.067507
55 63 0 8 0.067186
2 24 0 8 0.067177
2 18 0 8 0.066835
21 44 0 8 0.066631
12 64 0 8 0.066488
6 19 0 8 0.066386
20 46 0 8 0.066285
12 36 0 8 0.065997
15 35 0 8 0.065964
24 51 0 8 0.064686
42 50 0 8 0.064584
46 53 0 8 0.063480
2 30 0 8 0.063405
26 45 0 8 0.063122
16 39 0 8 0.062886
31 42 0 8 0.062614
2 17 0 8 0.062614
20 38 0 8 0.062450
5 17 0 8 0.062022
22 61 0 8 0.061712
3 48 0 8 0.061529
7 42 0 8 0.061010
23 67 0 8 0.060848
2 49 0 8 0.060815
56 67 0 8 0.060750
31 57 0 8 0.060611
18 30 0 8 0.060092
2 22 0 8 0.059965
39 65 0 8 0.059864
57 65 0 8 0.059343
6 62 0 8 0.059325
17 65 0 8 0.058798
7 68 0 8 0.058723
23 31 0 8 0.058285
26 44 0 8 0.057851
1 22 0 8 0.057657
3 18 0 8 0.057620
4 15 0 8 0.057457
13 64 0 8 0.057266
5 15 0 8 0.057023
1 42 0 8 0.056849
5 19 0 8 0.056831
5 37 0 8 0.055884
2 31 0 8 0.055724
38 62 0 8 0.055521
2 40 0 8 0.055420
21 29 0 8 0.055181
1 20 0 8 0.055161
28 50 0 8 0.055098
41 51 0 8 0.055091
23 55 0 8 0.054613
39 67 0 8 0.054438
51 66 0 8 0.054048
47 68 0 8 0.053742
1 19 0 8 0.052970
3 20 0 8 0.052819
1 23 0 8 0.052335
21 43 0 8 0.051796
5 35 0 8 0.051600
13 34 0 8 0.051138
38 67 0 8 0.051130
11 35 0 8 0.051078
9 42 0 8 0.050518
18 24 0 8 0.050422
6 59 0 8 0.050370
19 31 0 8 0.050369
10 60 0 8 0.050277
4 27 0 8 0.050237
21 32 0 8 0.049947
15 31 0 8 0.049546
58 66 0 8 0.049472
31 65 0 8 0.049074
18 46 0 8 0.048429
24 41 0 8 0.048366
19 25 0 8 0.048062
23 60 0 8 0.047848
5 18 0 8 0.047505
2 28 0 8 0.047166
25 31 0 8 0.046999
6 43 0 8 0.046929
7 62 0 8 0.046834
20 41 0 8 0.046762
8 34 0 8 0.046732
6 67 0 8 0.046395
15 37 0 8 0.046203
34 63 0 8 0.046173
38 68 0 8 0.045754
15 30 0 8 0.045721
16 32 0 8 0.045696
57 63 0 8 0.045502
16 36 0 8 0.045490
24 40 0 8 0.045392
18 60 0 8 0.045329
9 66 0 8 0.045279
25 42 0 8 0.044400
2 34 0 8 0.044397
4 26 0 8 0.044127
35 67 0 8 0.043866
25 53 0 8 0.043609
13 31 0 8 0.043609
18 25 0 8 0.043310
17 36 0 8 0.043243
1 24 0 8 0.043065
6 30 0 8 0.042451
35 64 0 8 0.042264
38 65 0 8 0.042214
43 52 0 8 0.041877
2 39 0 8 0.041743
9 65 0 8 0.041725
23 41 0 8 0.041401
4 52 0 8 0.041060
1 52 0 8 0.041006
24 67 0 8 0.040912
22 50 0 8 0.040871
42 58 0 8 0.040818
50 68 0 8 0.040782
53 67 0 8 0.040361
21 34 0 8 0.040163
17 29 0 8 0.040092
14 62 0 8 0.039904
40 58 0 8 0.039870
10 16 0 8 0.039755
22 60 0 8 0.039606
39 62 0 8 0.039311
22 58 0 8 0.039232
9 32 0 8 0.039002
23 40 0 8 0.038816
14 66 0 8 0.038541
41 55 0 8 0.038410
19 42 0 8 0.038375
3 17 0 8 0.038342
1 66 0 8 0.038326
3 39 0 8 0.038319
43 49 0 8 0.038290
14 34 0 8 0.038220
13 65 0 8 0.037751
5 14 0 8 0.037516
2 16 0 8 0.037449
19 59 0 8 0.037441
43 53 0 8 0.037360
52 65 0 8 0.037178
3 47 0 8 0.037163
19 28 0 8 0.037122
28 35 0 8 0.036732
3 21 0 8 0.036614
25 54 0 8 0.036553
45 52 0 8 0.036533
13 60 0 8 0.036528
4 63 0 8 0.036337
17 58 0 8 0.036337
54 68 0 8 0.036312
9 41 0 8 0.035727
9 60 0 8 0.035679
6 33 0 8 0.035606
2 53 0 8 0.035365
9 17 0 8 0.035277
2 66 0 8 0.035178
41 50 0 8 0.035011
1 26 0 8 0.034976
6 68 0 8 0.034924
19 35 0 8 0.034657
5 36 0 8 0.033832
2 38 0 8 0.033758
19 65 0 8 0.033589
6 32 0 8 0.033572
27 44 0 8 0.033501
4 14 0 8 0.033410
12 58 0 8 0.033165
17 23 0 8 0.033087
19 30 0 8 0.032735
4 23 0 8 0.032641
1 27 0 8 0.032306
44 54 0 8 0.032300
7 34 0 8 0.032285
6 12 0 8 0.032245
26 46 0 8 0.032170
1 18 0 8 0.032120
30 43 0 8 0.032091
26 54 0 8 0.031826
2 29 0 8 0.031768
9 59 0 8 0.031707
38 61 0 8 0.031692
1 25 0 8 0.031269
19 40 0 8 0.031176
41 57 0 8 0.031151
1 54 0 8 0.031142
2 25 0 8 0.031062
13 66 0 8 0.030689
10 66 0 8 0.030618
37 63 0 8 0.030314
16 64 0 8 0.029949
1 40 0 8 0.029689
31 61 0 8 0.029677
2 35 0 8 0.029661
8 59 0 8 0.029370
17 40 0 8 0.029318
37 68 0 8 0.029286
32 54 0 8 0.029175
38 66 0 8 0.028908
19 67 0 8 0.028900
6 57 0 8 0.028773
9 68 0 8 0.028414
16 68 0 8 0.028361
49 67 0 8 0.028317
25 47 0 8 0.028275
19 56 0 8 0.028256
14 38 0 8 0.028249
7 67 0 8 0.028045
4 28 0 8 0.028010
7 17 0 8 0.027965
6 18 0 8 0.027785
40 62 0 8 0.026798
45 53 0 8 0.026693
5 13 0 8 0.026671
4 57 0 8 0.026474
14 31 0 8 0.026428
22 47 0 8 0.026355
13 28 0 8 0.026049
8 32 0 8 0.025921
5 34 0 8 0.025702
22 56 0 8 0.025529
17 67 0 8 0.025441
42 55 0 8 0.025192
47 53 0 8 0.025052
11 66 0 8 0.024858
22 51 0 8 0.024754
1 30 0 8 0.024730
2 32 0 8 0.024504
10 34 0 8 0.024503
4 32 0 8 0.024282
59 68 0 8 0.024239
52 66 0 8 0.024218
9 33 0 8 0.024052
21 57 0 8 0.023972
28 67 0 8 0.023915
1 53 0 8 0.023882
34 65 0 8 0.023739
3 22 0 8 0.023632
35 57 0 8 0.023583
23 65 0 8 0.023549
28 45 0 8 0.023336
7 58 0 8 0.023263
21 42 0 8 0.023250
26 32 0 8 0.023229
26 41 0 8 0.023108
45 55 0 8 0.023038
34 67 0 8 0.023033
14 68 0 8 0.023027
24 49 0 8 0.022939
31 67 0 8 0.022672
3 38 0 8 0.022146
1 55 0 8 0.022131
10 32 0 8 0.022113
40 61 0 8 0.022097
10 65 0 8 0.022069
10 59 0 8 0.022053
3 27 0 8 0.021921
19 55 0 8 0.021802
4 33 0 8 0.021789
42 57 0 8 0.021762
21 47 0 8 0.021759
56 63 0 8 0.021725
3 65 0 8 0.021707
24 32 0 8 0.021537
10 68 0 8 0.021535
23 63 0 8 0.021438
4 13 0 8 0.021421
3 16 0 8 0.021390
23 68 0 8 0.021381
11 59 0 8 0.021320
26 67 0 8 0.021274
12 59 0 8 0.021210
3 23 0 8 0.021208
26 33 0 8 0.021196
26 35 0 8 0.021160
8 68 0 8 0.021153
32 41 0 8 0.021130
14 36 0 8 0.021112
4 24 0 8 0.020927
8 41 0 8 0.020863
2 15 0 8 0.020816
39 61 0 8 0.020805
48 54 0 8 0.020776
1 65 0 8 0.020747
2 58 0 8 0.020742
16 28 0 8 0.020661
3 30 0 8 0.020652
40 54 0 8 0.020556
3 26 0 8 0.020437
49 68 0 8 0.020429
13 58 0 8 0.020418
30 41 0 8 0.020418
21 35 0 8 0.020353
2 33 0 8 0.020317
41 61 0 8 0.020182
40 57 0 8 0.020151
12 66 0 8 0.020133
16 54 0 8 0.020131
20 51 0 8 0.020124
56 64 0 8 0.020076
16 59 0 8 0.019938
61 67 0 8 0.019876
57 67 0 8 0.019854
41 53 0 8 0.019828
24 58 0 8 0.019783
1 39 0 8 0.019422
25 57 0 8 0.019330
20 60 0 8 0.019326
1 28 0 8 0.019272
44 66 0 8 0.019254
20 62 0 8 0.019231
17 38 0 8 0.019228
44 53 0 8 0.019196
37 62 0 8 0.018994
1 29 0 8 0.018990
46 65 0 8 0.018982
24 68 0 8 0.018923
15 65 0 8 0.018849
11 65 0 8 0.018842
23 30 0 8 0.018797
12 34 0 8 0.018710
2 57 0 8 0.018623
3 50 0 8 0.018533
19 68 0 8 0.018323
14 64 0 8 0.018296
18 42 0 8 0.018224
4 37 0 8 0.018157
58 68 0 8 0.018123
16 67 0 8 0.018093
19 53 0 8 0.017981
28 42 0 8 0.017796
18 32 0 8 0.017757
5 20 0 8 0.017737
19 51 0 8 0.017735
12 65 0 8 0.017564
30 42 0 8 0.017442
36 68 0 8 0.017393
2 14 0 8 0.017291
32 62 0 8 0.017287
14 60 0 8 0.017236
22 31 0 8 0.017221
17 68 0 8 0.017213
17 24 0 8 0.017186
46 52 0 8 0.017142
33 39 0 8 0.017085
20 68 0 8 0.017084
3 24 0 8 0.017011
35 68 0 8 0.016964
4 21 0 8 0.016900
27 50 0 8 0.016811
56 68 0 8 0.016799
31 40 0 8 0.016719
10 58 0 8 0.016716
42 48 0 8 0.016708
19 34 0 8 0.016649
33 40 0 8 0.016592
32 38 0 8 0.016444
37 61 0 8 0.016397
5 45 0 8 0.016354
5 63 0 8 0.016322
8 60 0 8 0.016302
4 36 0 8 0.016215
11 58 0 8 0.016035
32 39 0 8 0.016024
18 68 0 8 0.015925
13 19 0 8 0.015919
11 34 0 8 0.015880
51 58 0 8 0.015877
27 34 0 8 0.015853
7 19 0 8 0.015830
42 53 0 8 0.015821
4 47 0 8 0.015741
24 35 0 8 0.015702
40 51 0 8 0.015651
34 61 0 8 0.015585
11 68 0 8 0.015553
5 55 0 8 0.015414
20 50 0 8 0.015373
13 33 0 8 0.015305
18 58 0 8 0.015304
6 23 0 8 0.015194
8 17 0 8 0.015178
48 55 0 8 0.015150
24 61 0 8 0.015093
8 33 0 8 0.015091
15 68 0 8 0.014968
4 29 0 8 0.014943
19 38 0 8 0.014938
40 46 0 8 0.014928
5 30 0 8 0.014917
36 58 0 8 0.014916
21 54 0 8 0.014916
23 49 0 8 0.014849
13 68 0 8 0.014817
21 50 0 8 0.014802
8 42 0 8 0.014729
20 39 0 8 0.014722
24 33 0 8 0.014659
3 54 0 8 0.014606
53 68 0 8 0.014559
5 46 0 8 0.014543
4 64 0 8 0.014522
41 62 0 8 0.014517
3 37 0 8 0.014510
2 37 0 8 0.014509
22 42 0 8 0.014472
28 44 0 8 0.014399
42 63 0 8 0.014396
5 51 0 8 0.014356
6 51 0 8 0.014352
32 60 0 8 0.014343
51 57 0 8 0.014334
12 32 0 8 0.014279
41 48 0 8 0.014229
3 15 0 8 0.014177
27 33 0 8 0.014054
17 54 0 8 0.014042
1 38 0 8 0.014027
37 67 0 8 0.013969
1 17 0 8 0.013942
17 39 0 8 0.013904
34 43 0 8 0.013900
5 12 0 8 0.013776
54 66 0 8 0.013701
26 50 0 8 0.013647
35 60 0 8 0.013579
11 32 0 8 0.013577
31 38 0 8 0.013559
12 68 0 8 0.013446
7 33 0 8 0.013402
56 66 0 8 0.013329
6 44 0 8 0.013314
4 53 0 8 0.013311
7 61 0 8 0.013302
15 59 0 8 0.013255
10 33 0 8 0.013072
15 64 0 8 0.013064
18 63 0 8 0.013018
15 66 0 8 0.012992
14 21 0 8 0.012990
19 50 0 8 0.012957
17 33 0 8 0.012905
62 68 0 8 0.012837
34 58 0 8 0.012837
9 67 0 8 0.012824
28 61 0 8 0.012818
7 18 0 8 0.012799
54 63 0 8 0.012780
38 58 0 8 0.012747
15 33 0 8 0.012745
37 66 0 8 0.012737
40 55 0 8 0.012735
26 57 0 8 0.012726
14 29 0 8 0.012718
24 65 0 8 0.012669
17 45 0 8 0.012661
1 31 0 8 0.012646
1 34 0 8 0.012579
27 67 0 8 0.012507
25 34 0 8 0.012476
24 48 0 8 0.012413
39 58 0 8 0.012412
9 19 0 8 0.012391
27 46 0 8 0.012311
17 25 0 8 0.012170
14 65 0 8 0.012056
3 25 0 8 0.011957
35 43 0 8 0.011926
15 67 0 8 0.011924
14 20 0 8 0.011863
24 39 0 8 0.011833
20 55 0 8 0.011823
55 61 0 8 0.011801
13 41 0 8 0.011796
20 29 0 8 0.011728
23 48 0 8 0.011728
47 54 0 8 0.011674
22 30 0 8 0.011673
36 67 0 8 0.011660
23 39 0 8 0.011635
10 17 0 8 0.011626
8 67 0 8 0.011601
26 53 0 8 0.011597
16 26 0 8 0.011492
23 52 0 8 0.011451
57 64 0 8 0.011398
16 66 0 8 0.011272
44 65 0 8 0.011210
2 63 0 8 0.011183
3 55 0 8 0.011179
23 38 0 8 0.011166
2 36 0 8 0.011149
3 34 0 8 0.011137
8 19 0 8 0.011117
42 64 0 8 0.011085
56 62 0 8 0.011035
25 51 0 8 0.011022
37 64 0 8 0.010964
16 30 0 8 0.010933
34 68 0 8 0.010869
7 44 0 8 0.010814
24 38 0 8 0.010727
18 29 0 8 0.010727
19 41 0 8 0.010724
17 62 0 8 0.010642
25 41 0 8 0.010638
31 39 0 8 0.010610
44 55 0 8 0.010550
20 53 0 8 0.010492
16 37 0 8 0.010301
46 66 0 8 0.010297
32 40 0 8 0.010286
4 61 0 8 0.010281
46 55 0 8 0.010221
44 52 0 8 0.010216
55 62 0 8 0.010182
26 40 0 8 0.010157
13 59 0 8 0.010156
13 42 0 8 0.010130
7 43 0 8 0.010062
16 23 0 8 0.010040
1 16 0 8 0.010022
21 51 0 8 0.009984
1 33 0 8 0.009983
3 14 0 8 0.009962
18 54 0 8 0.009959
23 35 0 8 0.009836
6 60 0 8 0.009833
7 59 0 8 0.009813
2 13 0 8 0.009797
45 66 0 8 0.009785
1 37 0 8 0.009778
25 68 0 8 0.009635
5 58 0 8 0.009586
11 17 0 8 0.009563
1 32 0 8 0.009522
20 47 0 8 0.009475
5 23 0 8 0.009256
4 22 0 8 0.009201
21 61 0 8 0.009192
43 57 0 8 0.009162
12 19 0 8 0.009123
50 56 0 8 0.009101
49 55 0 8 0.009065
17 57 0 8 0.009031
3 29 0 8 0.009022
13 20 0 8 0.009018
21 68 0 8 0.009011
41 47 0 8 0.008965
16 27 0 8 0.008957
18 67 0 8 0.008946
19 39 0 8 0.008923
19 47 0 8 0.008903
5 31 0 8 0.008884
33 61 0 8 0.008860
35 54 0 8 0.008816
41 59 0 8 0.008813
27 42 0 8 0.008796
23 62 0 8 0.008786
24 52 0 8 0.008748
28 41 0 8 0.008724
7 32 0 8 0.008688
48 66 0 8 0.008628
14 67 0 8 0.008581
60 67 0 8 0.008546
32 67 0 8 0.008526
13 67 0 8 0.008523
24 56 0 8 0.008454
24 55 0 8 0.008451
5 33 0 8 0.008444
7 30 0 8 0.008435
22 67 0 8 0.008430
21 67 0 8 0.008428
27 41 0 8 0.008420
29 35 0 8 0.008374
22 68 0 8 0.008195
15 43 0 8 0.008190
50 57 0 8 0.008118
36 64 0 8 0.008035
1 15 0 8 0.008021
40 53 0 8 0.007968
35 59 0 8 0.007940
28 65 0 8 0.007931
28 68 0 8 0.007919
4 59 0 8 0.007861
25 49 0 8 0.007859
6 28 0 8 0.007853
14 58 0 8 0.007825
3 64 0 8 0.007815
14 37 0 8 0.007813
10 41 0 8 0.007800
12 18 0 8 0.007746
39 54 0 8 0.007657
2 56 0 8 0.007653
3 28 0 8 0.007639
5 54 0 8 0.007632
6 27 0 8 0.007622
9 57 0 8 0.007619
42 49 0 8 0.007611
11 33 0 8 0.007595
1 35 0 8 0.007592
3 31 0 8 0.007591
30 40 0 8 0.007588
26 68 0 8 0.007578
1 57 0 8 0.007574
16 55 0 8 0.007547
3 36 0 8 0.007538
15 36 0 8 0.007511
6 26 0 8 0.007508
33 41 0 8 0.007410
22 41 0 8 0.007406
30 44 0 8 0.007294
3 33 0 8 0.007285
36 42 0 8 0.007277
32 65 0 8 0.007273
2 64 0 8 0.007261
15 28 0 8 0.007243
53 59 0 8 0.007234
36 65 0 8 0.007234
24 63 0 8 0.007225
11 42 0 8 0.007203
52 58 0 8 0.007193
53 65 0 8 0.007132
5 11 0 8 0.007132
3 35 0 8 0.007082
11 41 0 8 0.007023
35 66 0 8 0.007014
25 67 0 8 0.007011
29 36 0 8 0.007003
10 42 0 8 0.006977
18 62 0 8 0.006932
32 42 0 8 0.006929
18 65 0 8 0.006901
31 37 0 8 0.006891
39 57 0 8 0.006837
18 35 0 8 0.006833
30 36 0 8 0.006828
57 68 0 8 0.006802
17 66 0 8 0.006797
28 46 0 8 0.006768
3 49 0 8 0.006740
49 56 0 8 0.006688
40 48 0 8 0.006684
37 65 0 8 0.006660
61 68 0 8 0.006649
3 52 0 8 0.006628
27 68 0 8 0.006620
41 49 0 8 0.006596
38 57 0 8 0.006571
22 48 0 8 0.006492
23 59 0 8 0.006487
4 25 0 8 0.006485
1 14 0 8 0.006482
29 57 0 8 0.006383
40 60 0 8 0.006380
9 31 0 8 0.006325
18 51 0 8 0.006306
15 21 0 8 0.006279
21 53 0 8 0.006230
1 64 0 8 0.006227
28 36 0 8 0.006222
1 36 0 8 0.006199
22 55 0 8 0.006182
11 18 0 8 0.006119
31 55 0 8 0.006113
4 12 0 8 0.006102
5 32 0 8 0.006095
28 51 0 8 0.006070
41 52 0 8 0.006023
54 61 0 8 0.006002
52 59 0 8 0.005975
9 18 0 8 0.005947
40 50 0 8 0.005946
7 55 0 8 0.005944
12 57 0 8 0.005943
8 31 0 8 0.005887
54 60 0 8 0.005838
12 33 0 8 0.005831
28 63 0 8 0.005826
20 33 0 8 0.005815
21 48 0 8 0.005815
32 68 0 8 0.005804
3 13 0 8 0.005794
5 27 0 8 0.005773
4 56 0 8 0.005749
39 55 0 8 0.005722
30 37 0 8 0.005721
8 57 0 8 0.005715
38 54 0 8 0.005690
26 51 0 8 0.005685
43 63 0 8 0.005684
6 46 0 8 0.005683
36 66 0 8 0.005678
27 51 0 8 0.005672
16 22 0 8 0.005669
31 68 0 8 0.005620
24 60 0 8 0.005618
32 43 0 8 0.005603
45 65 0 8 0.005591
10 67 0 8 0.005585
4 62 0 8 0.005585
15 32 0 8 0.005579
21 40 0 8 0.005405
25 40 0 8 0.005347
36 60 0 8 0.005296
39 51 0 8 0.005272
2 61 0 8 0.005267
27 57 0 8 0.005248
14 33 0 8 0.005203
42 52 0 8 0.005194
3 32 0 8 0.005159
20 66 0 8 0.005108
6 29 0 8 0.005084
22 29 0 8 0.005072
17 60 0 8 0.005054
53 60 0 8 0.005033
14 26 0 8 0.005027
1 56 0 8 0.005013
21 41 0 8 0.005004
42 61 0 8 0.004983
12 41 0 8 0.004977
5 62 0 8 0.004972
7 31 0 8 0.004912
28 40 0 8 0.004909
48 65 0 8 0.004879
1 7 0 8 0.004860
5 26 0 8 0.004825
48 56 0 8 0.004817
60 66 0 8 0.004790
19 64 0 8 0.004742
5 21 0 8 0.004722
2 9 0 8 0.004690
60 68 0 8 0.004680
54 64 0 8 0.004671
6 24 0 8 0.004669
11 19 0 8 0.004652
31 44 0 8 0.004642
5 61 0 8 0.004632
17 51 0 8 0.004606
47 55 0 8 0.004587
27 53 0 8 0.004586
25 48 0 8 0.004586
3 63 0 8 0.004571
23 29 0 8 0.004539
38 44 0 8 0.004526
39 45 0 8 0.004520
1 63 0 8 0.004511
21 58 0 8 0.004498
40 47 0 8 0.004489
26 58 0 8 0.004488
3 53 0 8 0.004483
39 46 0 8 0.004473
2 12 0 8 0.004451
1 13 0 8 0.004451
11 57 0 8 0.004446
18 34 0 8 0.004436
33 68 0 8 0.004431
1 58 0 8 0.004431
15 22 0 8 0.004412
16 51 0 8 0.004407
26 47 0 8 0.004399
11 67 0 8 0.004396
4 49 0 8 0.004374
23 66 0 8 0.004373
19 48 0 8 0.004307
30 39 0 8 0.004305
14 57 0 8 0.004290
19 29 0 8 0.004284
40 59 0 8 0.004282
13 57 0 8 0.004257
24 37 0 8 0.004251
3 9 0 8 0.004145
14 22 0 8 0.004125
21 33 0 8 0.004120
7 57 0 8 0.004120
20 48 0 8 0.004097
37 43 0 8 0.004054
1 8 0 8 0.004033
20 37 0 8 0.003993
1 12 0 8 0.003992
25 32 0 8 0.003988
57 66 0 8 0.003987
20 59 0 8 0.003986
27 35 0 8 0.003967
21 60 0 8 0.003957
14 27 0 8 0.003934
13 29 0 8 0.003934
10 18 0 8 0.003928
20 36 0 8 0.003910
34 62 0 8 0.003887
8 18 0 8 0.003880
6 21 0 8 0.003876
3 57 0 8 0.003868
17 37 0 8 0.003848
18 50 0 8 0.003847
20 64 0 8 0.003847
3 12 0 8 0.003844
8 55 0 8 0.003841
10 57 0 8 0.003838
1 9 0 8 0.003814
12 67 0 8 0.003807
14 30 0 8 0.003805
26 65 0 8 0.003799
30 67 0 8 0.003766
10 19 0 8 0.003758
12 42 0 8 0.003749
22 49 0 8 0.003730
19 66 0 8 0.003723
43 64 0 8 0.003712
17 64 0 8 0.003662
25 33 0 8 0.003602
18 41 0 8 0.003601
27 65 0 8 0.003600
33 42 0 8 0.003594
15 26 0 8 0.003587
14 59 0 8 0.003581
16 24 0 8 0.003529
6 56 0 8 0.003522
7 60 0 8 0.003505
17 46 0 8 0.003474
40 52 0 8 0.003453
30 68 0 8 0.003429
15 27 0 8 0.003423
46 57 0 8 0.003418
30 38 0 8 0.003411
49 57 0 8 0.003409
9 30 0 8 0.003409
9 55 0 8 0.003396
22 34 0 8 0.003372
6 45 0 8 0.003357
31 62 0 8 0.003341
36 57 0 8 0.003335
5 24 0 8 0.003326
50 65 0 8 0.003305
28 39 0 8 0.003284
17 55 0 8 0.003272
39 60 0 8 0.003268
44 57 0 8 0.003266
28 38 0 8 0.003249
28 56 0 8 0.003238
36 43 0 8 0.003234
26 39 0 8 0.003234
5 48 0 8 0.003217
22 59 0 8 0.003203
2 62 0 8 0.003200
22 63 0 8 0.003200
41 60 0 8 0.003197
5 22 0 8 0.003191
28 55 0 8 0.003179
34 54 0 8 0.003149
1 11 0 8 0.003136
24 66 0 8 0.003125
41 56 0 8 0.003124
18 66 0 8 0.003124
1 61 0 8 0.003105
7 20 0 8 0.003090
2 59 0 8 0.003076
2 8 0 8 0.003072
5 28 0 8 0.003067
3 58 0 8 0.003065
22 62 0 8 0.003052
5 29 0 8 0.003048
30 45 0 8 0.003023
22 40 0 8 0.003010
26 38 0 8 0.003000
5 57 0 8 0.002997
18 40 0 8 0.002993
27 47 0 8 0.002991
16 33 0 8 0.002965
19 32 0 8 0.002962
25 56 0 8 0.002943
12 31 0 8 0.002939
40 49 0 8 0.002919
18 59 0 8 0.002887
23 32 0 8 0.002865
21 49 0 8 0.002859
28 60 0 8 0.002858
13 30 0 8 0.002853
21 63 0 8 0.002839
13 21 0 8 0.002837
22 52 0 8 0.002833
9 20 0 8 0.002802
31 45 0 8 0.002801
9 44 0 8 0.002789
39 48 0 8 0.002784
8 30 0 8 0.002780
50 66 0 8 0.002753
21 65 0 8 0.002745
33 63 0 8 0.002705
18 47 0 8 0.002692
43 56 0 8 0.002682
29 61 0 8 0.002680
25 61 0 8 0.002666
4 11 0 8 0.002657
34 66 0 8 0.002641
17 59 0 8 0.002632
1 10 0 8 0.002628
26 61 0 8 0.002611
25 52 0 8 0.002608
27 58 0 8 0.002587
29 43 0 8 0.002581
23 37 0 8 0.002574
12 28 0 8 0.002562
21 38 0 8 0.002554
37 44 0 8 0.002545
23 64 0 8 0.002541
38 60 0 8 0.002538
20 56 0 8 0.002530
29 68 0 8 0.002529
34 64 0 8 0.002507
15 23 0 8 0.002496
5 59 0 8 0.002461
28 37 0 8 0.002420
43 59 0 8 0.002412
18 55 0 8 0.002409
8 20 0 8 0.002402
39 59 0 8 0.002401
35 55 0 8 0.002393
16 45 0 8 0.002393
24 62 0 8 0.002371
53 66 0 8 0.002355
29 37 0 8 0.002348
1 62 0 8 0.002333
3 61 0 8 0.002323
4 60 0 8 0.002314
34 44 0 8 0.002300
31 51 0 8 0.002274
51 59 0 8 0.002239
9 28 0 8 0.002233
15 54 0 8 0.002232
21 39 0 8 0.002229
3 11 0 8 0.002210
40 56 0 8 0.002202
14 23 0 8 0.002196
25 55 0 8 0.002189
38 46 0 8 0.002187
34 57 0 8 0.002173
25 58 0 8 0.002165
2 11 0 8 0.002157
33 67 0 8 0.002137
1 59 0 8 0.002107
5 50 0 8 0.002099
36 59 0 8 0.002091
22 65 0 8 0.002068
15 44 0 8 0.002057
16 46 0 8 0.002047
50 58 0 8 0.002039
30 54 0 8 0.002037
52 60 0 8 0.002031
23 33 0 8 0.002003
21 55 0 8 0.002002
10 31 0 8 0.001971
3 62 0 8 0.001967
21 36 0 8 0.001966
31 66 0 8 0.001962
15 56 0 8 0.001960
9 43 0 8 0.001948
29 44 0 8 0.001944
7 54 0 8 0.001944
31 53 0 8 0.001940
14 44 0 8 0.001938
6 52 0 8 0.001936
38 45 0 8 0.001913
28 47 0 8 0.001903
39 53 0 8 0.001893
5 52 0 8 0.001893
8 43 0 8 0.001892
52 64 0 8 0.001883
3 10 0 8 0.001878
46 58 0 8 0.001872
38 51 0 8 0.001851
18 48 0 8 0.001851
6 22 0 8 0.001840
14 43 0 8 0.001829
30 65 0 8 0.001828
48 57 0 8 0.001827
12 20 0 8 0.001827
8 28 0 8 0.001824
29 67 0 8 0.001824
16 56 0 8 0.001819
1 60 0 8 0.001819
22 32 0 8 0.001812
38 55 0 8 0.001806
39 50 0 8 0.001800
31 64 0 8 0.001790
6 53 0 8 0.001787
33 43 0 8 0.001782
54 62 0 8 0.001767
18 53 0 8 0.001758
29 54 0 8 0.001741
18 36 0 8 0.001735
16 29 0 8 0.001735
42 56 0 8 0.001735
53 61 0 8 0.001729
32 59 0 8 0.001722
25 60 0 8 0.001716
27 40 0 8 0.001683
26 55 0 8 0.001663
47 66 0 8 0.001659
18 56 0 8 0.001652
24 36 0 8 0.001648
19 37 0 8 0.001633
15 55 0 8 0.001632
7 29 0 8 0.001627
5 25 0 8 0.001624
20 49 0 8 0.001610
18 39 0 8 0.001608
20 52 0 8 0.001598
26 49 0 8 0.001587
28 66 0 8 0.001583
2 60 0 8 0.001565
31 50 0 8 0.001561
31 60 0 8 0.001559
29 42 0 8 0.001557
51 64 0 8 0.001556
18 38 0 8 0.001551
19 52 0 8 0.001550
6 50 0 8 0.001520
4 10 0 8 0.001518
19 36 0 8 0.001517
25 39 0 8 0.001509
31 46 0 8 0.001497
2 10 0 8 0.001496
44 58 0 8 0.001496
32 44 0 8 0.001494
11 31 0 8 0.001488
39 47 0 8 0.001483
43 61 0 8 0.001471
32 64 0 8 0.001469
18 33 0 8 0.001453
24 64 0 8 0.001451
45 57 0 8 0.001445
24 59 0 8 0.001445
35 44 0 8 0.001444
44 56 0 8 0.001441
3 56 0 8 0.001441
15 29 0 8 0.001436
26 56 0 8 0.001426
38 59 0 8 0.001404
7 23 0 8 0.001378
18 64 0 8 0.001377
37 58 0 8 0.001377
46 56 0 8 0.001377
14 55 0 8 0.001359
28 49 0 8 0.001356
14 24 0 8 0.001349
22 35 0 8 0.001339
32 66 0 8 0.001326
49 66 0 8 0.001324
8 44 0 8 0.001317
21 56 0 8 0.001315
42 60 0 8 0.001308
27 55 0 8 0.001304
29 41 0 8 0.001301
29 45 0 8 0.001297
17 50 0 8 0.001294
37 57 0 8 0.001293
37 60 0 8 0.001288
5 47 0 8 0.001288
21 62 0 8 0.001286
34 46 0 8 0.001282
32 53 0 8 0.001252
29 58 0 8 0.001250
19 49 0 8 0.001242
29 40 0 8 0.001240
39 52 0 8 0.001232
26 37 0 8 0.001229
51 63 0 8 0.001225
3 59 0 8 0.001213
25 35 0 8 0.001212
11 28 0 8 0.001212
42 59 0 8 0.001210
26 63 0 8 0.001207
22 39 0 8 0.001178
42 62 0 8 0.001173
28 62 0 8 0.001172
26 48 0 8 0.001168
19 33 0 8 0.001144
21 59 0 8 0.001137
35 46 0 8 0.001136
21 52 0 8 0.001131
33 62 0 8 0.001130
13 26 0 8 0.001128
29 39 0 8 0.001122
26 36 0 8 0.001120
10 28 0 8 0.001115
25 65 0 8 0.001111
9 54 0 8 0.001108
16 25 0 8 0.001095
36 44 0 8 0.001092
8 29 0 8 0.001090
32 55 0 8 0.001081
33 44 0 8 0.001074
39 56 0 8 0.001073
21 66 0 8 0.001071
8 54 0 8 0.001063
7 28 0 8 0.001054
31 59 0 8 0.001052
34 45 0 8 0.001042
29 53 0 8 0.001039
9 29 0 8 0.001031
14 54 0 8 0.001029
44 64 0 8 0.001020
9 56 0 8 0.001019
47 65 0 8 0.001008
5 53 0 8 0.001004
8 23 0 8 0.001000
12 30 0 8 0.000988
8 56 0 8 0.000986
37 45 0 8 0.000982
21 37 0 8 0.000981
5 56 0 8 0.000980
33 65 0 8 0.000978
16 53 0 8 0.000977
35 51 0 8 0.000973
52 63 0 8 0.000972
28 52 0 8 0.000962
5 60 0 8 0.000961
26 60 0 8 0.000953
27 63 0 8 0.000951
7 45 0 8 0.000948
30 58 0 8 0.000947
7 46 0 8 0.000947
27 66 0 8 0.000944
27 39 0 8 0.000939
26 66 0 8 0.000932
53 63 0 8 0.000929
6 48 0 8 0.000925
16 50 0 8 0.000922
27 61 0 8 0.000921
49 65 0 8 0.000907
39 49 0 8 0.000903
7 56 0 8 0.000898
10 30 0 8 0.000895
22 38 0 8 0.000883
12 29 0 8 0.000881
30 63 0 8 0.000873
25 66 0 8 0.000871
29 38 0 8 0.000868
30 46 0 8 0.000861
15 24 0 8 0.000859
22 66 0 8 0.000857
27 49 0 8 0.000847
30 61 0 8 0.000843
45 56 0 8 0.000831
30 57 0 8 0.000828
34 60 0 8 0.000828
45 58 0 8 0.000825
47 56 0 8 0.000825
13 27 0 8 0.000817
43 62 0 8 0.000815
29 63 0 8 0.000809
7 51 0 8 0.000805
14 25 0 8 0.000805
7 27 0 8 0.000797
33 58 0 8 0.000787
38 50 0 8 0.000786
33 57 0 8 0.000784
10 29 0 8 0.000771
28 59 0 8 0.000760
26 52 0 8 0.000759
23 36 0 8 0.000749
28 48 0 8 0.000743
38 48 0 8 0.000741
7 26 0 8 0.000740
25 38 0 8 0.000737
43 60 0 8 0.000733
44 63 0 8 0.000732
13 43 0 8 0.000727
33 45 0 8 0.000726
6 25 0 8 0.000723
27 48 0 8 0.000709
32 56 0 8 0.000709
7 21 0 8 0.000705
3 60 0 8 0.000692
29 65 0 8 0.000690
11 29 0 8 0.000683
29 60 0 8 0.000682
53 64 0 8 0.000677
17 53 0 8 0.000675
34 55 0 8 0.000672
32 45 0 8 0.000668
25 63 0 8 0.000661
38 53 0 8 0.000652
13 55 0 8 0.000641
31 56 0 8 0.000640
28 64 0 8 0.000630
13 22 0 8 0.000628
27 36 0 8 0.000614
17 56 0 8 0.000613
9 23 0 8 0.000611
29 50 0 8 0.000607
22 64 0 8 0.000594
7 22 0 8 0.000592
11 20 0 8 0.000592
9 21 0 8 0.000583
22 33 0 8 0.000580
37 59 0 8 0.000575
25 37 0 8 0.000572
34 51 0 8 0.000559
33 60 0 8 0.000559
10 55 0 8 0.000553
5 49 0 8 0.000546
10 20 0 8 0.000540
8 21 0 8 0.000538
13 54 0 8 0.000534
11 30 0 8 0.000521
12 55 0 8 0.000520
33 66 0 8 0.000520
18 52 0 8 0.000517
12 21 0 8 0.000508
29 46 0 8 0.000508
35 45 0 8 0.000503
8 22 0 8 0.000501
27 56 0 8 0.000496
13 23 0 8 0.000495
15 25 0 8 0.000492
37 46 0 8 0.000492
18 37 0 8 0.000486
52 61 0 8 0.000483
34 59 0 8 0.000477
12 56 0 8 0.000472
35 56 0 8 0.000469
27 52 0 8 0.000465
14 51 0 8 0.000463
27 37 0 8 0.000462
16 48 0 8 0.000460
30 66 0 8 0.000460
7 24 0 8 0.000459
13 44 0 8 0.000450
18 49 0 8 0.000448
15 51 0 8 0.000445
17 48 0 8 0.000442
11 56 0 8 0.000436
11 55 0 8 0.000436
17 47 0 8 0.000435
44 61 0 8 0.000435
32 50 0 8 0.000434
10 43 0 8 0.000430
27 38 0 8 0.000430
33 64 0 8 0.000427
45 64 0 8 0.000410
47 57 0 8 0.000409
15 45 0 8 0.000407
9 22 0 8 0.000405
36 48 0 8 0.000405
10 44 0 8 0.000405
36 45 0 8 0.000402
36 54 0 8 0.000402
35 53 0 8 0.000400
30 50 0 8 0.000399
51 60 0 8 0.000396
37 54 0 8 0.000396
38 47 0 8 0.000390
22 37 0 8 0.000390
25 62 0 8 0.000390
14 56 0 8 0.000382
21 64 0 8 0.000381
11 43 0 8 0.000379
46 64 0 8 0.000379
10 56 0 8 0.000379
38 56 0 8 0.000379
32 51 0 8 0.000377
13 56 0 8 0.000373
48 64 0 8 0.000370
26 62 0 8 0.000367
16 52 0 8 0.000365
32 46 0 8 0.000365
35 50 0 8 0.000356
12 43 0 8 0.000353
8 24 0 8 0.000348
30 51 0 8 0.000347
53 62 0 8 0.000345
48 58 0 8 0.000344
36 55 0 8 0.000343
25 59 0 8 0.000341
29 66 0 8 0.000338
7 52 0 8 0.000333
27 60 0 8 0.000333
6 47 0 8 0.000331
46 63 0 8 0.000331
51 61 0 8 0.000331
44 60 0 8 0.000329
33 54 0 8 0.000328
37 48 0 8 0.000325
9 45 0 8 0.000321
36 46 0 8 0.000318
11 44 0 8 0.000317
8 26 0 8 0.000316
30 53 0 8 0.000316
29 62 0 8 0.000315
9 26 0 8 0.000313
44 59 0 8 0.000307
25 64 0 8 0.000305
49 58 0 8 0.000300
34 50 0 8 0.000295
35 48 0 8 0.000292
29 56 0 8 0.000291
31 52 0 8 0.000289
17 52 0 8 0.000284
29 47 0 8 0.000283
14 45 0 8 0.000283
7 53 0 8 0.000283
13 24 0 8 0.000281
38 52 0 8 0.000280
15 53 0 8 0.000278
30 55 0 8 0.000276
26 64 0 8 0.000274
22 36 0 8 0.000273
26 59 0 8 0.000273
50 59 0 8 0.000271
9 24 0 8 0.000269
34 53 0 8 0.000265
25 36 0 8 0.000263
12 54 0 8 0.000262
7 25 0 8 0.000261
12 26 0 8 0.000260
8 45 0 8 0.000260
37 53 0 8 0.000255
37 50 0 8 0.000255
11 21 0 8 0.000253
38 49 0 8 0.000251
52 62 0 8 0.000250
10 21 0 8 0.000248
44 62 0 8 0.000246
37 51 0 8 0.000243
37 47 0 8 0.000241
12 44 0 8 0.000240
45 63 0 8 0.000240
36 56 0 8 0.000240
37 55 0 8 0.000237
29 51 0 8 0.000237
8 27 0 8 0.000235
16 47 0 8 0.000234
6 49 0 8 0.000230
10 22 0 8 0.000226
29 55 0 8 0.000225
30 62 0 8 0.000225
33 46 0 8 0.000222
30 60 0 8 0.000221
9 27 0 8 0.000220
12 22 0 8 0.000220
15 46 0 8 0.000219
7 48 0 8 0.000217
30 47 0 8 0.000214
7 50 0 8 0.000213
12 27 0 8 0.000213
13 25 0 8 0.000207
27 62 0 8 0.000206
29 48 0 8 0.000205
36 51 0 8 0.000205
31 47 0 8 0.000204
32 52 0 8 0.000200
46 61 0 8 0.000198
32 48 0 8 0.000197
27 64 0 8 0.000196
50 64 0 8 0.000195
10 23 0 8 0.000195
14 46 0 8 0.000195
37 49 0 8 0.000193
12 23 0 8 0.000192
33 59 0 8 0.000191
29 49 0 8 0.000191
30 64 0 8 0.000190
8 51 0 8 0.000190
9 46 0 8 0.000189
29 59 0 8 0.000189
11 22 0 8 0.000188
37 56 0 8 0.000188
11 23 0 8 0.000187
48 63 0 8 0.000186
48 59 0 8 0.000184
45 59 0 8 0.000183
8 46 0 8 0.000182
34 48 0 8 0.000180
34 56 0 8 0.000179
30 48 0 8 0.000179
36 47 0 8 0.000178
27 59 0 8 0.000173
36 53 0 8 0.000173
9 51 0 8 0.000172
45 61 0 8 0.000172
11 24 0 8 0.000168
31 48 0 8 0.000166
46 59 0 8 0.000166
12 24 0 8 0.000166
10 54 0 8 0.000164
29 64 0 8 0.000163
51 62 0 8 0.000162
45 60 0 8 0.000162
36 50 0 8 0.000159
11 54 0 8 0.000157
8 53 0 8 0.000157
8 25 0 8 0.000156
35 47 0 8 0.000153
35 52 0 8 0.000151
50 63 0 8 0.000149
14 53 0 8 0.000149
47 58 0 8 0.000147
7 47 0 8 0.000146
36 49 0 8 0.000144
32 47 0 8 0.000143
49 59 0 8 0.000141
32 49 0 8 0.000140
45 62 0 8 0.000140
8 52 0 8 0.000139
36 52 0 8 0.000138
10 24 0 8 0.000137
33 48 0 8 0.000136
17 49 0 8 0.000136
50 60 0 8 0.000136
11 26 0 8 0.000135
49 64 0 8 0.000135
31 49 0 8 0.000135
34 47 0 8 0.000134
46 60 0 8 0.000134
12 25 0 8 0.000134
10 26 0 8 0.000133
11 27 0 8 0.000133
9 53 0 8 0.000131
9 25 0 8 0.000131
37 52 0 8 0.000129
10 27 0 8 0.000128
30 56 0 8 0.000125
48 60 0 8 0.000123
29 52 0 8 0.000122
16 49 0 8 0.000121
33 55 0 8 0.000120
48 61 0 8 0.000119
14 52 0 8 0.000119
11 25 0 8 0.000119
9 52 0 8 0.000119
30 49 0 8 0.000118
15 50 0 8 0.000117
33 53 0 8 0.000116
30 59 0 8 0.000114
33 47 0 8 0.000113
47 64 0 8 0.000112
33 50 0 8 0.000112
46 62 0 8 0.000108
14 50 0 8 0.000107
13 45 0 8 0.000106
13 53 0 8 0.000103
15 52 0 8 0.000103
13 51 0 8 0.000102
10 25 0 8 0.000102
48 62 0 8 0.000102
33 56 0 8 0.000101
7 49 0 8 0.000101
47 59 0 8 0.000101
35 49 0 8 0.000101
34 52 0 8 0.000100
33 51 0 8 0.000099
50 61 0 8 0.000098
49 60 0 8 0.000097
10 45 0 8 0.000097
30 52 0 8 0.000094
8 48 0 8 0.000094
14 48 0 8 0.000092
33 49 0 8 0.000092
11 45 0 8 0.000091
34 49 0 8 0.000089
8 50 0 8 0.000086
15 48 0 8 0.000086
13 52 0 8 0.000085
13 46 0 8 0.000084
47 63 0 8 0.000084
49 63 0 8 0.000082
33 52 0 8 0.000082
9 48 0 8 0.000082
11 53 0 8 0.000081
47 60 0 8 0.000079
10 46 0 8 0.000078
49 61 0 8 0.000078
12 53 0 8 0.000078
12 45 0 8 0.000077
11 46 0 8 0.000077
47 61 0 8 0.000076
50 62 0 8 0.000076
10 53 0 8 0.000075
8 47 0 8 0.000074
47 62 0 8 0.000071
9 50 0 8 0.000071
9 47 0 8 0.000068
49 62 0 8 0.000068
11 52 0 8 0.000067
12 46 0 8 0.000066
15 47 0 8 0.000066
12 52 0 8 0.000065
10 52 0 8 0.000063
8 49 0 8 0.000062
14 47 0 8 0.000062
13 48 0 8 0.000061
13 50 0 8 0.000060
11 48 0 8 0.000060
10 48 0 8 0.000058
12 51 0 8 0.000058
12 48 0 8 0.000056
10 51 0 8 0.000055
14 49 0 8 0.000054
15 49 0 8 0.000054
11 47 0 8 0.000052
9 49 0 8 0.000052
11 51 0 8 0.000051
10 47 0 8 0.000050
13 47 0 8 0.000050
13 49 0 8 0.000050
12 47 0 8 0.000048
12 50 0 8 0.000048
10 50 0 8 0.000047
11 50 0 8 0.000046
11 49 0 8 0.000046
10 49 0 8 0.000045
12 49 0 8 0.000045