4 65 0 8 0.88546
58 65 0 8 0.86649
23 31 0 8 0.86213
46 54 0 8 0.86069
21 31 0 8 0.85046
20 31 0 8 0.85044
5 65 0 8 0.84054
4 46 0 8 0.83960
4 67 0 8 0.83659
4 66 0 8 0.82146
2 67 0 8 0.81369
4 45 0 8 0.79996
3 67 0 8 0.79875
21 28 0 8 0.79512
2 68 0 8 0.79478
3 46 0 8 0.79333
5 44 0 8 0.78831
2 46 0 8 0.78757
5 66 0 8 0.78657
6 42 0 8 0.78591
4 42 0 8 0.78401
5 42 0 8 0.78328
3 66 0 8 0.77374
5 64 0 8 0.76943
5 43 0 8 0.76657
6 65 0 8 0.76584
6 64 0 8 0.76485
1 68 0 8 0.75905
4 44 0 8 0.75731
3 45 0 8 0.75407
1 67 0 8 0.75266
58 67 0 8 0.75224
6 63 0 8 0.74828
35 63 0 8 0.74498
3 65 0 8 0.74398
22 31 0 8 0.74157
35 61 0 8 0.74001
2 66 0 8 0.73722
3 68 0 8 0.73601
55 65 0 8 0.73395
1 47 0 8 0.73378
7 63 0 8 0.73098
35 42 0 8 0.73033
6 43 0 8 0.72851
28 54 0 8 0.72178
1 46 0 8 0.72095
17 31 0 8 0.72048
20 28 0 8 0.71268
1 48 0 8 0.70958
3 44 0 8 0.70339
24 31 0 8 0.70295
5 41 0 8 0.69935
2 47 0 8 0.69930
4 43 0 8 0.69820
3 43 0 8 0.69635
5 45 0 8 0.69490
8 63 0 8 0.69218
6 44 0 8 0.68677
5 46 0 8 0.68568
2 48 0 8 0.68554
7 64 0 8 0.68043
3 47 0 8 0.67781
31 61 0 8 0.67418
7 42 0 8 0.67258
20 54 0 8 0.66959
19 31 0 8 0.66845
2 65 0 8 0.66453
4 68 0 8 0.66402
6 66 0 8 0.66384
20 34 0 8 0.66345
3 40 0 8 0.65441
16 31 0 8 0.65075
17 35 0 8 0.64798
16 34 0 8 0.64794
4 41 0 8 0.64792
17 34 0 8 0.64427
5 68 0 8 0.64033
2 45 0 8 0.64009
3 48 0 8 0.63935
28 58 0 8 0.63861
28 57 0 8 0.63772
3 42 0 8 0.63425
3 41 0 8 0.63388
23 54 0 8 0.62873
14 35 0 8 0.62609
17 28 0 8 0.62280
16 35 0 8 0.61970
4 64 0 8 0.61857
28 61 0 8 0.61642
5 63 0 8 0.61555
2 42 0 8 0.61262
31 42 0 8 0.61084
1 66 0 8 0.60994
6 41 0 8 0.60752
32 61 0 8 0.60720
7 41 0 8 0.60516
31 54 0 8 0.60465
8 40 0 8 0.60378
1 45 0 8 0.60275
35 58 0 8 0.60218
2 44 0 8 0.59726
4 40 0 8 0.59434
6 28 0 8 0.59168
55 67 0 8 0.59052
8 41 0 8 0.58596
7 66 0 8 0.58400
19 34 0 8 0.58217
7 43 0 8 0.58181
17 58 0 8 0.58152
20 51 0 8 0.57585
20 58 0 8 0.57493
54 61 0 8 0.57456
54 65 0 8 0.57407
8 64 0 8 0.57363
9 63 0 8 0.57127
5 67 0 8 0.56973
7 65 0 8 0.56829
31 63 0 8 0.56561
31 58 0 8 0.56458
2 40 0 8 0.56450
17 54 0 8 0.56229
8 39 0 8 0.56056
7 44 0 8 0.55757
4 54 0 8 0.55460
7 40 0 8 0.55073
2 41 0 8 0.55042
8 42 0 8 0.54625
16 58 0 8 0.54579
2 43 0 8 0.54578
6 31 0 8 0.54473
14 58 0 8 0.54287
32 57 0 8 0.54241
38 63 0 8 0.54027
1 43 0 8 0.54021
6 46 0 8 0.53977
32 40 0 8 0.53947
16 54 0 8 0.53594
5 40 0 8 0.52673
40 64 0 8 0.52548
16 61 0 8 0.52468
35 54 0 8 0.52322
23 30 0 8 0.51678
32 60 0 8 0.51664
19 54 0 8 0.51376
46 67 0 8 0.51083
7 39 0 8 0.50995
5 54 0 8 0.50847
4 38 0 8 0.50733
9 38 0 8 0.50628
6 34 0 8 0.50530
4 58 0 8 0.50474
14 34 0 8 0.50292
20 61 0 8 0.50243
17 51 0 8 0.50221
1 44 0 8 0.50181
5 38 0 8 0.49872
5 34 0 8 0.49819
14 31 0 8 0.49818
23 51 0 8 0.49777
4 51 0 8 0.49731
28 42 0 8 0.49646
6 45 0 8 0.49620
4 63 0 8 0.49409
9 61 0 8 0.49148
21 29 0 8 0.49141
5 31 0 8 0.49100
22 29 0 8 0.48992
35 65 0 8 0.48949
6 35 0 8 0.48889
6 38 0 8 0.48888
39 63 0 8 0.48869
54 67 0 8 0.48698
17 61 0 8 0.48415
46 68 0 8 0.48384
28 51 0 8 0.48186
41 64 0 8 0.48048
2 54 0 8 0.48046
17 42 0 8 0.48041
4 34 0 8 0.48006
4 35 0 8 0.47977
32 63 0 8 0.47703
20 65 0 8 0.47668
20 35 0 8 0.47613
17 65 0 8 0.47576
42 54 0 8 0.47444
42 63 0 8 0.47356
4 47 0 8 0.47264
41 63 0 8 0.47240
35 62 0 8 0.47127
8 38 0 8 0.47037
42 65 0 8 0.46939
42 58 0 8 0.46844
46 58 0 8 0.46780
2 51 0 8 0.46777
22 30 0 8 0.46733
9 39 0 8 0.46448
59 67 0 8 0.46414
28 53 0 8 0.46350
4 31 0 8 0.46163
24 54 0 8 0.46151
10 38 0 8 0.45968
5 35 0 8 0.45957
7 38 0 8 0.45892
5 51 0 8 0.45653
28 63 0 8 0.45558
1 40 0 8 0.45551
6 61 0 8 0.45495
46 57 0 8 0.45401
28 46 0 8 0.45224
34 42 0 8 0.45095
32 58 0 8 0.45029
4 48 0 8 0.44823
31 65 0 8 0.44778
3 39 0 8 0.44636
51 65 0 8 0.44614
34 41 0 8 0.44489
6 58 0 8 0.44314
4 39 0 8 0.44256
38 61 0 8 0.44229
34 61 0 8 0.44027
23 58 0 8 0.43963
31 40 0 8 0.43956
5 39 0 8 0.43936
42 61 0 8 0.43903
6 54 0 8 0.43766
31 57 0 8 0.43750
10 35 0 8 0.43710
28 65 0 8 0.43640
45 68 0 8 0.43587
20 42 0 8 0.43426
34 63 0 8 0.43077
10 61 0 8 0.43066
3 64 0 8 0.42810
5 28 0 8 0.42806
14 54 0 8 0.42755
24 51 0 8 0.42722
34 58 0 8 0.42462
34 54 0 8 0.42432
14 63 0 8 0.42204
23 34 0 8 0.42139
40 63 0 8 0.41986
8 62 0 8 0.41899
34 65 0 8 0.41879
1 41 0 8 0.41836
32 54 0 8 0.41413
6 40 0 8 0.41208
5 58 0 8 0.41098
24 58 0 8 0.40978
17 63 0 8 0.40941
16 65 0 8 0.40885
35 57 0 8 0.40738
18 31 0 8 0.40468
28 60 0 8 0.40451
55 62 0 8 0.40444
32 42 0 8 0.40413
4 28 0 8 0.40336
19 61 0 8 0.40283
14 42 0 8 0.40161
25 46 0 8 0.40131
14 65 0 8 0.40076
42 64 0 8 0.40060
9 40 0 8 0.40050
10 63 0 8 0.40039
8 61 0 8 0.40015
1 42 0 8 0.39532
24 46 0 8 0.39400
51 67 0 8 0.39389
7 61 0 8 0.39331
6 39 0 8 0.39248
9 62 0 8 0.39221
2 39 0 8 0.38878
28 50 0 8 0.38845
26 54 0 8 0.38697
7 45 0 8 0.38696
9 41 0 8 0.38615
26 46 0 8 0.38565
27 54 0 8 0.38462
1 39 0 8 0.38256
6 67 0 8 0.38036
7 62 0 8 0.38025
9 42 0 8 0.37891
19 58 0 8 0.37876
8 65 0 8 0.37867
9 64 0 8 0.37684
6 16 0 8 0.37669
2 38 0 8 0.37426
2 58 0 8 0.37390
8 43 0 8 0.37346
16 51 0 8 0.37175
16 63 0 8 0.36953
41 65 0 8 0.36870
19 57 0 8 0.36774
47 68 0 8 0.36756
10 39 0 8 0.36674
9 35 0 8 0.36670
26 51 0 8 0.36584
39 61 0 8 0.36533
10 40 0 8 0.36476
1 49 0 8 0.36433
5 47 0 8 0.36359
14 61 0 8 0.36236
38 65 0 8 0.36204
13 34 0 8 0.35861
45 67 0 8 0.35733
56 67 0 8 0.35543
43 64 0 8 0.35230
17 32 0 8 0.35006
16 57 0 8 0.34985
42 67 0 8 0.34943
20 63 0 8 0.34899
28 40 0 8 0.34852
5 61 0 8 0.34621
45 54 0 8 0.34502
54 63 0 8 0.34412
16 38 0 8 0.34382
44 68 0 8 0.34336
21 32 0 8 0.34266
23 46 0 8 0.34241
13 61 0 8 0.34101
13 35 0 8 0.34013
35 60 0 8 0.34011
46 65 0 8 0.33878
13 58 0 8 0.33871
23 57 0 8 0.33846
21 51 0 8 0.33773
3 38 0 8 0.33735
33 40 0 8 0.33705
14 38 0 8 0.33643
38 58 0 8 0.33410
14 51 0 8 0.33406
27 46 0 8 0.33340
3 51 0 8 0.33246
39 64 0 8 0.33175
40 65 0 8 0.33152
46 55 0 8 0.32969
10 42 0 8 0.32923
8 35 0 8 0.32913
19 51 0 8 0.32826
39 65 0 8 0.32816
20 46 0 8 0.32777
32 62 0 8 0.32631
17 38 0 8 0.32571
15 34 0 8 0.32459
57 67 0 8 0.32406
41 61 0 8 0.32333
23 65 0 8 0.32172
2 50 0 8 0.31827
16 42 0 8 0.31419
45 66 0 8 0.31375
13 38 0 8 0.31269
14 32 0 8 0.31195
16 28 0 8 0.31099
44 66 0 8 0.31052
9 37 0 8 0.31035
21 30 0 8 0.30859
9 58 0 8 0.30851
28 56 0 8 0.30799
19 30 0 8 0.30794
17 55 0 8 0.30773
26 50 0 8 0.30695
45 57 0 8 0.30676
10 62 0 8 0.30665
46 66 0 8 0.30651
17 46 0 8 0.30637
12 61 0 8 0.30482
32 41 0 8 0.30434
46 53 0 8 0.30283
24 61 0 8 0.30258
36 61 0 8 0.30211
27 51 0 8 0.30112
44 67 0 8 0.29996
10 41 0 8 0.29877
31 51 0 8 0.29787
43 66 0 8 0.29718
17 67 0 8 0.29692
6 62 0 8 0.29556
6 51 0 8 0.29509
43 65 0 8 0.29470
14 28 0 8 0.29465
35 67 0 8 0.29365
27 50 0 8 0.29224
32 53 0 8 0.28888
47 67 0 8 0.28852
8 37 0 8 0.28821
24 65 0 8 0.28809
20 67 0 8 0.28759
7 58 0 8 0.28730
1 50 0 8 0.28711
7 34 0 8 0.28594
10 58 0 8 0.28579
7 35 0 8 0.28553
43 67 0 8 0.28234
19 65 0 8 0.28186
42 62 0 8 0.28174
8 44 0 8 0.28152
13 63 0 8 0.28124
26 47 0 8 0.28093
18 28 0 8 0.28067
28 44 0 8 0.28055
20 57 0 8 0.27896
7 54 0 8 0.27788
26 57 0 8 0.27744
21 58 0 8 0.27741
4 20 0 8 0.27741
24 57 0 8 0.27741
28 67 0 8 0.27739
9 65 0 8 0.27702
29 57 0 8 0.27450
38 62 0 8 0.27418
25 51 0 8 0.27246
18 34 0 8 0.27208
1 38 0 8 0.27204
14 55 0 8 0.27149
20 27 0 8 0.27120
40 61 0 8 0.27024
40 62 0 8 0.27018
27 57 0 8 0.26986
41 66 0 8 0.26896
52 67 0 8 0.26874
20 55 0 8 0.26853
2 35 0 8 0.26690
3 54 0 8 0.26593
6 17 0 8 0.26536
40 66 0 8 0.26530
23 61 0 8 0.26430
48 67 0 8 0.26354
43 63 0 8 0.26334
8 34 0 8 0.26287
4 16 0 8 0.26161
36 63 0 8 0.26150
6 20 0 8 0.26088
26 48 0 8 0.26088
13 57 0 8 0.26061
43 54 0 8 0.26018
35 64 0 8 0.25975
10 37 0 8 0.25940
22 32 0 8 0.25932
39 62 0 8 0.25894
38 64 0 8 0.25858
41 62 0 8 0.25850
16 67 0 8 0.25832
42 66 0 8 0.25819
18 32 0 8 0.25692
10 34 0 8 0.25644
14 67 0 8 0.25568
55 64 0 8 0.25566
12 63 0 8 0.25331
52 65 0 8 0.25252
2 49 0 8 0.25204
2 34 0 8 0.25113
38 54 0 8 0.25098
21 55 0 8 0.24839
8 31 0 8 0.24815
22 54 0 8 0.24803
14 46 0 8 0.24751
11 63 0 8 0.24741
21 42 0 8 0.24736
31 41 0 8 0.24696
19 35 0 8 0.24614
51 63 0 8 0.24597
21 61 0 8 0.24566
32 56 0 8 0.24559
43 68 0 8 0.24557
9 34 0 8 0.24537
15 61 0 8 0.24528
28 55 0 8 0.24362
13 62 0 8 0.24314
4 17 0 8 0.24168
24 50 0 8 0.24154
11 35 0 8 0.24130
24 67 0 8 0.24124
24 55 0 8 0.24097
8 58 0 8 0.23933
31 67 0 8 0.23728
23 50 0 8 0.23713
34 67 0 8 0.23711
27 58 0 8 0.23678
35 51 0 8 0.23666
25 47 0 8 0.23543
17 57 0 8 0.23538
4 61 0 8 0.23480
22 51 0 8 0.23459
27 44 0 8 0.23347
24 42 0 8 0.23261
27 67 0 8 0.23220
1 51 0 8 0.23154
20 32 0 8 0.23071
13 42 0 8 0.23021
14 62 0 8 0.22996
19 63 0 8 0.22972
7 37 0 8 0.22942
31 60 0 8 0.22861
12 34 0 8 0.22836
21 46 0 8 0.22780
3 50 0 8 0.22742
5 48 0 8 0.22697
39 58 0 8 0.22632
14 57 0 8 0.22602
55 63 0 8 0.22561
8 60 0 8 0.22451
48 68 0 8 0.22402
5 62 0 8 0.22353
7 46 0 8 0.22312
9 43 0 8 0.22160
17 62 0 8 0.22130
2 57 0 8 0.22098
44 57 0 8 0.22011
22 57 0 8 0.21998
13 39 0 8 0.21995
20 30 0 8 0.21985
45 65 0 8 0.21898
24 44 0 8 0.21813
32 65 0 8 0.21721
9 60 0 8 0.21592
29 40 0 8 0.21567
43 58 0 8 0.21567
28 43 0 8 0.21483
18 51 0 8 0.21453
13 31 0 8 0.21450
34 57 0 8 0.21417
55 66 0 8 0.21393
4 57 0 8 0.21371
22 46 0 8 0.21235
27 47 0 8 0.21226
32 59 0 8 0.21223
14 41 0 8 0.21199
32 43 0 8 0.21181
6 68 0 8 0.21151
10 64 0 8 0.21123
8 66 0 8 0.21115
27 65 0 8 0.21113
27 45 0 8 0.21101
37 63 0 8 0.21094
57 65 0 8 0.21081
15 57 0 8 0.21021
17 41 0 8 0.21015
7 51 0 8 0.20973
41 67 0 8 0.20938
28 41 0 8 0.20922
2 64 0 8 0.20911
25 50 0 8 0.20879
31 46 0 8 0.20830
43 61 0 8 0.20821
10 65 0 8 0.20821
18 61 0 8 0.20803
28 35 0 8 0.20745
26 67 0 8 0.20734
26 44 0 8 0.20658
18 58 0 8 0.20655
44 65 0 8 0.20633
28 45 0 8 0.20612
23 67 0 8 0.20505
3 49 0 8 0.20466
34 51 0 8 0.20410
21 34 0 8 0.20368
38 67 0 8 0.20324
56 65 0 8 0.20231
13 41 0 8 0.20216
14 39 0 8 0.20154
26 58 0 8 0.20129
10 36 0 8 0.20117
10 59 0 8 0.20106
7 67 0 8 0.20105
20 38 0 8 0.20092
42 57 0 8 0.20050
29 60 0 8 0.20021
12 35 0 8 0.19971
25 48 0 8 0.19892
25 44 0 8 0.19874
18 35 0 8 0.19773
2 31 0 8 0.19732
2 55 0 8 0.19719
15 63 0 8 0.19713
36 60 0 8 0.19704
12 38 0 8 0.19544
43 62 0 8 0.19515
26 45 0 8 0.19504
36 62 0 8 0.19439
25 45 0 8 0.19410
19 28 0 8 0.19375
4 50 0 8 0.19353
13 65 0 8 0.19312
48 66 0 8 0.19249
5 16 0 8 0.19246
43 51 0 8 0.19222
59 66 0 8 0.19182
21 65 0 8 0.19170
25 57 0 8 0.19157
29 53 0 8 0.19156
28 62 0 8 0.19152
14 36 0 8 0.19102
25 54 0 8 0.19044
18 63 0 8 0.19040
21 54 0 8 0.19035
39 66 0 8 0.19021
24 45 0 8 0.18996
21 67 0 8 0.18992
11 61 0 8 0.18883
15 35 0 8 0.18882
22 34 0 8 0.18864
4 55 0 8 0.18858
9 59 0 8 0.18818
31 38 0 8 0.18809
32 55 0 8 0.18764
37 61 0 8 0.18728
21 63 0 8 0.18572
24 47 0 8 0.18563
18 42 0 8 0.18520
44 64 0 8 0.18421
11 40 0 8 0.18384
13 40 0 8 0.18337
11 34 0 8 0.18328
44 54 0 8 0.18274
10 43 0 8 0.18274
19 42 0 8 0.18261
26 65 0 8 0.18216
59 68 0 8 0.18196
39 67 0 8 0.18174
19 67 0 8 0.18162
5 37 0 8 0.18121
21 44 0 8 0.18095
41 58 0 8 0.18047
7 60 0 8 0.17965
56 68 0 8 0.17942
24 48 0 8 0.17941
8 59 0 8 0.17921
13 67 0 8 0.17898
42 51 0 8 0.17850
16 55 0 8 0.17823
5 20 0 8 0.17790
31 62 0 8 0.17764
38 66 0 8 0.17756
3 34 0 8 0.17726
31 53 0 8 0.17706
35 59 0 8 0.17695
27 48 0 8 0.17664
2 28 0 8 0.17595
14 44 0 8 0.17519
18 55 0 8 0.17488
3 58 0 8 0.17480
15 58 0 8 0.17436
10 57 0 8 0.17425
22 50 0 8 0.17333
48 57 0 8 0.17293
11 41 0 8 0.17166
32 39 0 8 0.17144
26 53 0 8 0.17127
8 54 0 8 0.17114
8 57 0 8 0.17011
10 60 0 8 0.17008
23 32 0 8 0.16983
40 67 0 8 0.16927
4 19 0 8 0.16926
27 68 0 8 0.16916
13 54 0 8 0.16911
32 51 0 8 0.16886
13 37 0 8 0.16858
9 57 0 8 0.16837
25 58 0 8 0.16779
12 57 0 8 0.16771
58 66 0 8 0.16734
16 46 0 8 0.16734
41 57 0 8 0.16727
14 40 0 8 0.16724
19 26 0 8 0.16720
7 68 0 8 0.16644
6 14 0 8 0.16642
55 68 0 8 0.16634
11 42 0 8 0.16539
1 64 0 8 0.16514
4 37 0 8 0.16500
5 57 0 8 0.16419
20 50 0 8 0.16249
11 39 0 8 0.16220
11 62 0 8 0.16198
20 62 0 8 0.16111
47 54 0 8 0.16068
7 57 0 8 0.16034
26 34 0 8 0.15997
50 67 0 8 0.15990
23 42 0 8 0.15989
18 67 0 8 0.15947
7 31 0 8 0.15851
14 37 0 8 0.15833
5 50 0 8 0.15791
38 57 0 8 0.15751
35 55 0 8 0.15750
41 54 0 8 0.15749
16 62 0 8 0.15731
23 55 0 8 0.15715
12 37 0 8 0.15710
22 67 0 8 0.15684
25 55 0 8 0.15666
25 67 0 8 0.15648
13 44 0 8 0.15637
9 66 0 8 0.15582
47 66 0 8 0.15566
35 43 0 8 0.15512
18 65 0 8 0.15390
5 17 0 8 0.15358
12 40 0 8 0.15351
19 27 0 8 0.15324
29 50 0 8 0.15305
16 41 0 8 0.15216
51 61 0 8 0.15206
6 37 0 8 0.15188
31 50 0 8 0.15178
44 63 0 8 0.15115
12 58 0 8 0.15066
37 64 0 8 0.14973
21 62 0 8 0.14968
11 58 0 8 0.14957
29 61 0 8 0.14892
22 58 0 8 0.14862
9 36 0 8 0.14854
18 54 0 8 0.14829
15 37 0 8 0.14818
8 36 0 8 0.14777
4 14 0 8 0.14763
11 65 0 8 0.14752
11 38 0 8 0.14708
10 66 0 8 0.14633
17 44 0 8 0.14624
21 35 0 8 0.14621
12 39 0 8 0.14582
39 60 0 8 0.14535
38 60 0 8 0.14532
25 65 0 8 0.14521
12 62 0 8 0.14519
17 39 0 8 0.14512
12 41 0 8 0.14507
29 56 0 8 0.14504
24 66 0 8 0.14499
37 65 0 8 0.14495
16 37 0 8 0.14435
22 65 0 8 0.14397
8 51 0 8 0.14390
6 19 0 8 0.14353
17 26 0 8 0.14283
35 66 0 8 0.14262
11 37 0 8 0.14258
9 31 0 8 0.14254
28 47 0 8 0.14208
45 58 0 8 0.14201
27 61 0 8 0.14173
17 27 0 8 0.14142
29 44 0 8 0.14122
51 66 0 8 0.14119
57 68 0 8 0.14116
19 46 0 8 0.14097
28 48 0 8 0.14064
3 35 0 8 0.14040
32 67 0 8 0.13985
15 54 0 8 0.13980
11 64 0 8 0.13975
1 65 0 8 0.13944
49 67 0 8 0.13908
43 57 0 8 0.13774
40 60 0 8 0.13763
29 54 0 8 0.13724
19 50 0 8 0.13716
53 67 0 8 0.13698
9 44 0 8 0.13621
33 41 0 8 0.13551
28 66 0 8 0.13529
24 63 0 8 0.13526
9 54 0 8 0.13514
13 66 0 8 0.13508
44 58 0 8 0.13507
15 67 0 8 0.13503
20 41 0 8 0.13492
22 44 0 8 0.13469
18 44 0 8 0.13429
31 55 0 8 0.13378
34 64 0 8 0.13358
14 64 0 8 0.13332
36 57 0 8 0.13281
17 64 0 8 0.13250
15 31 0 8 0.13206
26 49 0 8 0.13194
14 59 0 8 0.13139
5 27 0 8 0.13139
30 57 0 8 0.13125
3 63 0 8 0.13118
15 65 0 8 0.13098
24 43 0 8 0.13075
24 68 0 8 0.13071
12 42 0 8 0.13036
28 38 0 8 0.12993
18 57 0 8 0.12989
21 43 0 8 0.12987
13 55 0 8 0.12936
34 60 0 8 0.12928
41 60 0 8 0.12915
11 43 0 8 0.12900
26 55 0 8 0.12883
34 62 0 8 0.12877
3 57 0 8 0.12869
17 40 0 8 0.12859
13 64 0 8 0.12829
34 66 0 8 0.12817
11 36 0 8 0.12724
29 42 0 8 0.12692
21 48 0 8 0.12666
22 61 0 8 0.12648
27 66 0 8 0.12637
27 43 0 8 0.12633
29 51 0 8 0.12614
18 29 0 8 0.12600
32 44 0 8 0.12579
37 62 0 8 0.12574
16 32 0 8 0.12551
4 62 0 8 0.12545
44 61 0 8 0.12523
36 58 0 8 0.12511
32 50 0 8 0.12510
28 64 0 8 0.12509
14 66 0 8 0.12498
21 41 0 8 0.12483
6 57 0 8 0.12482
11 44 0 8 0.12473
31 43 0 8 0.12470
46 56 0 8 0.12456
14 43 0 8 0.12430
49 57 0 8 0.12422
9 51 0 8 0.12375
15 38 0 8 0.12364
57 66 0 8 0.12318
31 44 0 8 0.12275
27 42 0 8 0.12275
16 40 0 8 0.12275
41 68 0 8 0.12262
27 53 0 8 0.12244
29 58 0 8 0.12147
21 57 0 8 0.12145
16 64 0 8 0.12141
18 62 0 8 0.12102
28 59 0 8 0.12101
31 64 0 8 0.12099
4 27 0 8 0.12084
13 43 0 8 0.12054
17 66 0 8 0.11997
23 45 0 8 0.11991
28 52 0 8 0.11973
27 49 0 8 0.11964
8 67 0 8 0.11954
16 27 0 8 0.11933
18 41 0 8 0.11931
1 37 0 8 0.11920
40 58 0 8 0.11912
20 44 0 8 0.11857
18 40 0 8 0.11839
24 34 0 8 0.11827
51 68 0 8 0.11826
36 65 0 8 0.11803
2 20 0 8 0.11775
39 59 0 8 0.11771
16 39 0 8 0.11759
43 55 0 8 0.11744
32 64 0 8 0.11743
56 66 0 8 0.11724
1 54 0 8 0.11697
7 59 0 8 0.11665
22 45 0 8 0.11660
25 68 0 8 0.11659
12 65 0 8 0.11630
18 46 0 8 0.11558
10 44 0 8 0.11550
12 64 0 8 0.11538
6 27 0 8 0.11534
16 30 0 8 0.11532
39 68 0 8 0.11530
23 44 0 8 0.11474
42 68 0 8 0.11442
10 32 0 8 0.11415
23 48 0 8 0.11413
30 50 0 8 0.11379
28 49 0 8 0.11377
11 57 0 8 0.11371
21 45 0 8 0.11350
11 59 0 8 0.11346
8 45 0 8 0.11329
2 37 0 8 0.11315
40 68 0 8 0.11298
5 19 0 8 0.11270
31 66 0 8 0.11225
36 64 0 8 0.11211
15 41 0 8 0.11194
6 60 0 8 0.11166
27 64 0 8 0.11161
23 47 0 8 0.11133
3 37 0 8 0.11092
18 43 0 8 0.11080
2 16 0 8 0.11079
50 65 0 8 0.11069
20 29 0 8 0.11049
15 51 0 8 0.11021
25 43 0 8 0.11020
47 57 0 8 0.11017
1 52 0 8 0.10993
15 40 0 8 0.10969
15 42 0 8 0.10936
19 38 0 8 0.10910
45 53 0 8 0.10861
49 68 0 8 0.10851
12 67 0 8 0.10837
19 55 0 8 0.10833
6 47 0 8 0.10817
21 66 0 8 0.10806
2 52 0 8 0.10692
20 64 0 8 0.10669
39 54 0 8 0.10658
14 45 0 8 0.10644
58 68 0 8 0.10643
27 63 0 8 0.10621
17 43 0 8 0.10545
26 68 0 8 0.10491
9 67 0 8 0.10489
15 64 0 8 0.10472
31 39 0 8 0.10458
22 42 0 8 0.10432
15 62 0 8 0.10415
28 68 0 8 0.10409
21 50 0 8 0.10379
10 31 0 8 0.10371
3 55 0 8 0.10334
29 63 0 8 0.10323
25 66 0 8 0.10311
15 44 0 8 0.10309
27 34 0 8 0.10295
4 23 0 8 0.10291
38 59 0 8 0.10288
39 57 0 8 0.10281
20 39 0 8 0.10256
16 44 0 8 0.10253
29 43 0 8 0.10241
13 68 0 8 0.10205
16 66 0 8 0.10198
21 39 0 8 0.10168
19 41 0 8 0.10161
44 62 0 8 0.10099
18 39 0 8 0.10065
44 60 0 8 0.10054
35 46 0 8 0.10024
17 30 0 8 0.10021
33 57 0 8 0.10021
38 51 0 8 0.10013
40 59 0 8 0.10006
10 54 0 8 0.10001
8 68 0 8 0.09998
43 59 0 8 0.09986
54 68 0 8 0.09984
5 14 0 8 0.09952
12 44 0 8 0.09915
15 66 0 8 0.09894
30 44 0 8 0.09888
21 64 0 8 0.09884
18 26 0 8 0.09881
20 66 0 8 0.09842
22 48 0 8 0.09838
37 67 0 8 0.09831
25 53 0 8 0.09828
3 31 0 8 0.09823
8 46 0 8 0.09806
31 59 0 8 0.09794
24 32 0 8 0.09773
2 63 0 8 0.09771
29 45 0 8 0.09758
11 66 0 8 0.09746
19 64 0 8 0.09723
25 49 0 8 0.09712
17 37 0 8 0.09683
22 47 0 8 0.09682
15 55 0 8 0.09681
21 40 0 8 0.09667
4 49 0 8 0.09634
7 36 0 8 0.09581
9 68 0 8 0.09558
35 53 0 8 0.09546
26 42 0 8 0.09512
52 68 0 8 0.09507
18 38 0 8 0.09507
36 67 0 8 0.09496
37 60 0 8 0.09483
30 61 0 8 0.09477
17 50 0 8 0.09473
19 29 0 8 0.09445
37 66 0 8 0.09424
20 40 0 8 0.09407
40 57 0 8 0.09407
44 51 0 8 0.09404
10 67 0 8 0.09380
30 67 0 8 0.09376
30 54 0 8 0.09374
25 61 0 8 0.09361
54 66 0 8 0.09355
23 63 0 8 0.09343
31 45 0 8 0.09295
30 45 0 8 0.09295
21 47 0 8 0.09197
7 47 0 8 0.09196
3 28 0 8 0.09196
2 53 0 8 0.09187
16 26 0 8 0.09185
5 55 0 8 0.09179
39 51 0 8 0.09178
11 60 0 8 0.09176
23 35 0 8 0.09170
12 60 0 8 0.09154
26 66 0 8 0.09143
18 64 0 8 0.09111
18 66 0 8 0.09111
27 55 0 8 0.09107
13 36 0 8 0.09101
15 39 0 8 0.09065
13 51 0 8 0.09058
24 64 0 8 0.09036
26 43 0 8 0.09027
17 45 0 8 0.09024
37 57 0 8 0.09008
37 58 0 8 0.08995
39 55 0 8 0.08983
18 27 0 8 0.08983
28 39 0 8 0.08982
30 42 0 8 0.08965
38 68 0 8 0.08963
12 66 0 8 0.08944
51 58 0 8 0.08915
21 38 0 8 0.08911
2 27 0 8 0.08892
51 62 0 8 0.08888
14 27 0 8 0.08867
29 41 0 8 0.08859
43 60 0 8 0.08851
42 60 0 8 0.08847
14 60 0 8 0.08810
24 62 0 8 0.08808
2 17 0 8 0.08786
6 48 0 8 0.08775
6 55 0 8 0.08744
20 48 0 8 0.08735
29 46 0 8 0.08732
12 43 0 8 0.08727
19 44 0 8 0.08727
5 60 0 8 0.08696
14 68 0 8 0.08682
29 47 0 8 0.08680
19 32 0 8 0.08672
13 45 0 8 0.08650
19 62 0 8 0.08646
22 33 0 8 0.08635
20 45 0 8 0.08615
52 66 0 8 0.08585
48 65 0 8 0.08579
29 48 0 8 0.08568
14 26 0 8 0.08535
16 50 0 8 0.08533
15 43 0 8 0.08524
19 33 0 8 0.08519
32 66 0 8 0.08510
11 31 0 8 0.08496
12 68 0 8 0.08477
36 66 0 8 0.08460
53 68 0 8 0.08417
18 25 0 8 0.08400
2 23 0 8 0.08397
24 53 0 8 0.08392
13 32 0 8 0.08383
13 59 0 8 0.08360
11 67 0 8 0.08281
17 59 0 8 0.08277
22 63 0 8 0.08271
30 40 0 8 0.08271
4 26 0 8 0.08242
50 68 0 8 0.08238
21 68 0 8 0.08208
2 61 0 8 0.08205
6 50 0 8 0.08191
1 57 0 8 0.08190
35 56 0 8 0.08189
30 46 0 8 0.08183
20 43 0 8 0.08180
25 42 0 8 0.08180
1 34 0 8 0.08166
30 65 0 8 0.08155
7 16 0 8 0.08127
6 32 0 8 0.08097
25 52 0 8 0.08094
24 60 0 8 0.08090
30 63 0 8 0.08074
15 68 0 8 0.07995
2 19 0 8 0.07989
41 51 0 8 0.07975
10 55 0 8 0.07936
41 59 0 8 0.07932
6 29 0 8 0.07927
52 63 0 8 0.07918
29 67 0 8 0.07889
14 50 0 8 0.07877
18 30 0 8 0.07872
44 55 0 8 0.07859
25 63 0 8 0.07857
19 40 0 8 0.07840
17 36 0 8 0.07830
35 68 0 8 0.07799
19 66 0 8 0.07796
13 46 0 8 0.07783
28 37 0 8 0.07771
23 53 0 8 0.07764
34 53 0 8 0.07755
47 55 0 8 0.07754
14 30 0 8 0.07742
33 63 0 8 0.07729
12 31 0 8 0.07719
7 28 0 8 0.07711
1 58 0 8 0.07710
54 62 0 8 0.07702
26 61 0 8 0.07699
2 24 0 8 0.07685
1 53 0 8 0.07662
44 59 0 8 0.07646
19 37 0 8 0.07646
11 55 0 8 0.07619
32 46 0 8 0.07619
3 61 0 8 0.07612
57 64 0 8 0.07608
24 49 0 8 0.07584
5 23 0 8 0.07576
36 59 0 8 0.07572
42 59 0 8 0.07566
33 61 0 8 0.07564
17 48 0 8 0.07508
2 14 0 8 0.07487
20 60 0 8 0.07477
4 36 0 8 0.07470
1 35 0 8 0.07468
10 68 0 8 0.07465
12 59 0 8 0.07449
29 65 0 8 0.07429
40 54 0 8 0.07428
25 56 0 8 0.07422
54 64 0 8 0.07404
51 64 0 8 0.07397
29 55 0 8 0.07391
24 41 0 8 0.07348
24 35 0 8 0.07341
6 36 0 8 0.07338
22 55 0 8 0.07328
7 50 0 8 0.07321
16 45 0 8 0.07319
17 25 0 8 0.07287
35 44 0 8 0.07285
31 56 0 8 0.07283
3 62 0 8 0.07252
1 55 0 8 0.07213
11 32 0 8 0.07198
47 65 0 8 0.07195
19 45 0 8 0.07147
2 32 0 8 0.07138
17 60 0 8 0.07101
31 68 0 8 0.07084
30 41 0 8 0.07068
34 68 0 8 0.07050
18 50 0 8 0.07035
21 59 0 8 0.07027
16 43 0 8 0.07026
25 32 0 8 0.07024
42 55 0 8 0.07005
26 52 0 8 0.06985
8 32 0 8 0.06975
33 67 0 8 0.06955
8 55 0 8 0.06937
32 52 0 8 0.06933
9 32 0 8 0.06925
29 49 0 8 0.06911
4 60 0 8 0.06907
8 16 0 8 0.06891
18 45 0 8 0.06874
4 53 0 8 0.06852
45 55 0 8 0.06844
24 52 0 8 0.06840
16 60 0 8 0.06806
44 56 0 8 0.06798
33 42 0 8 0.06789
37 68 0 8 0.06783
11 54 0 8 0.06727
11 68 0 8 0.06717
16 68 0 8 0.06686
15 28 0 8 0.06684
33 64 0 8 0.06677
6 59 0 8 0.06669
7 55 0 8 0.06650
33 65 0 8 0.06646
5 36 0 8 0.06634
18 48 0 8 0.06632
34 55 0 8 0.06560
45 56 0 8 0.06536
20 37 0 8 0.06521
45 64 0 8 0.06512
12 36 0 8 0.06510
5 49 0 8 0.06489
9 45 0 8 0.06484
13 60 0 8 0.06480
44 53 0 8 0.06463
19 60 0 8 0.06459
49 65 0 8 0.06442
22 66 0 8 0.06433
14 48 0 8 0.06429
14 33 0 8 0.06425
30 51 0 8 0.06388
4 32 0 8 0.06366
6 23 0 8 0.06363
6 26 0 8 0.06335
34 43 0 8 0.06331
32 48 0 8 0.06320
31 48 0 8 0.06317
53 65 0 8 0.06309
3 27 0 8 0.06305
26 63 0 8 0.06301
26 56 0 8 0.06289
36 68 0 8 0.06282
5 53 0 8 0.06279
1 27 0 8 0.06274
17 68 0 8 0.06273
18 68 0 8 0.06266
10 51 0 8 0.06258
23 66 0 8 0.06257
1 63 0 8 0.06255
37 59 0 8 0.06236
29 62 0 8 0.06223
15 45 0 8 0.06195
12 54 0 8 0.06193
17 24 0 8 0.06180
15 60 0 8 0.06178
5 26 0 8 0.06172
15 32 0 8 0.06170
53 66 0 8 0.06163
15 46 0 8 0.06158
3 52 0 8 0.06155
26 33 0 8 0.06139
45 61 0 8 0.06134
7 48 0 8 0.06126
19 43 0 8 0.06106
9 46 0 8 0.06100
34 50 0 8 0.06089
33 60 0 8 0.06056
2 26 0 8 0.06052
47 58 0 8 0.06051
46 59 0 8 0.06049
18 33 0 8 0.06036
20 47 0 8 0.06020
9 55 0 8 0.06010
18 37 0 8 0.06003
20 68 0 8 0.06000
30 58 0 8 0.05996
40 51 0 8 0.05981
27 60 0 8 0.05973
30 47 0 8 0.05963
19 53 0 8 0.05924
2 36 0 8 0.05918
13 28 0 8 0.05916
29 68 0 8 0.05908
22 43 0 8 0.05890
1 36 0 8 0.05873
50 66 0 8 0.05867
22 68 0 8 0.05837
32 68 0 8 0.05821
22 41 0 8 0.05786
4 59 0 8 0.05777
52 64 0 8 0.05766
40 55 0 8 0.05754
30 48 0 8 0.05751
56 64 0 8 0.05747
45 60 0 8 0.05743
29 66 0 8 0.05737
34 44 0 8 0.05720
7 19 0 8 0.05705
20 59 0 8 0.05682
15 36 0 8 0.05678
30 53 0 8 0.05677
26 35 0 8 0.05677
11 51 0 8 0.05675
49 66 0 8 0.05664
25 60 0 8 0.05663
10 33 0 8 0.05659
33 44 0 8 0.05655
6 53 0 8 0.05649
23 68 0 8 0.05626
19 68 0 8 0.05617
2 62 0 8 0.05600
29 52 0 8 0.05599
6 13 0 8 0.05590
9 16 0 8 0.05586
18 36 0 8 0.05567
14 47 0 8 0.05560
8 28 0 8 0.05559
37 54 0 8 0.05547
34 59 0 8 0.05543
23 60 0 8 0.05542
25 64 0 8 0.05527
5 32 0 8 0.05526
33 66 0 8 0.05519
19 39 0 8 0.05518
30 66 0 8 0.05513
23 43 0 8 0.05510
24 40 0 8 0.05505
6 30 0 8 0.05497
30 68 0 8 0.05495
8 50 0 8 0.05488
52 62 0 8 0.05466
24 59 0 8 0.05459
46 60 0 8 0.05431
32 45 0 8 0.05418
20 53 0 8 0.05415
1 31 0 8 0.05411
34 46 0 8 0.05404
15 30 0 8 0.05383
22 53 0 8 0.05382
6 25 0 8 0.05377
36 54 0 8 0.05363
4 52 0 8 0.05352
5 52 0 8 0.05332
35 50 0 8 0.05324
41 53 0 8 0.05301
21 52 0 8 0.05301
13 30 0 8 0.05283
38 55 0 8 0.05275
3 36 0 8 0.05271
23 64 0 8 0.05269
36 55 0 8 0.05256
18 59 0 8 0.05256
15 50 0 8 0.05252
27 56 0 8 0.05248
15 33 0 8 0.05229
4 15 0 8 0.05218
46 61 0 8 0.05193
4 30 0 8 0.05188
56 63 0 8 0.05187
7 20 0 8 0.05181
22 64 0 8 0.05171
26 60 0 8 0.05143
30 43 0 8 0.05141
31 47 0 8 0.05137
19 48 0 8 0.05126
3 16 0 8 0.05121
15 59 0 8 0.05111
4 24 0 8 0.05109
5 30 0 8 0.05095
27 52 0 8 0.05091
5 59 0 8 0.05091
17 47 0 8 0.05066
4 25 0 8 0.05063
9 20 0 8 0.05049
3 53 0 8 0.05039
36 43 0 8 0.05034
20 33 0 8 0.05033
1 28 0 8 0.05031
14 25 0 8 0.05024
2 59 0 8 0.05008
25 62 0 8 0.05003
9 33 0 8 0.04999
51 60 0 8 0.04978
8 19 0 8 0.04973
17 33 0 8 0.04955
16 48 0 8 0.04948
12 55 0 8 0.04944
6 49 0 8 0.04943
23 33 0 8 0.04912
53 64 0 8 0.04906
6 52 0 8 0.04894
9 19 0 8 0.04886
16 53 0 8 0.04871
33 54 0 8 0.04850
15 48 0 8 0.04842
17 29 0 8 0.04826
7 17 0 8 0.04807
2 25 0 8 0.04786
27 40 0 8 0.04786
27 62 0 8 0.04746
26 64 0 8 0.04740
48 58 0 8 0.04740
3 20 0 8 0.04731
6 15 0 8 0.04727
27 41 0 8 0.04720
24 56 0 8 0.04715
42 53 0 8 0.04711
10 45 0 8 0.04690
2 56 0 8 0.04684
7 14 0 8 0.04662
13 47 0 8 0.04650
16 33 0 8 0.04644
36 51 0 8 0.04638
33 68 0 8 0.04636
5 25 0 8 0.04635
11 45 0 8 0.04632
23 41 0 8 0.04618
50 57 0 8 0.04614
7 53 0 8 0.04612
41 55 0 8 0.04611
31 52 0 8 0.04556
3 19 0 8 0.04548
43 56 0 8 0.04539
33 43 0 8 0.04536
16 59 0 8 0.04526
18 47 0 8 0.04508
8 47 0 8 0.04501
17 53 0 8 0.04496
16 36 0 8 0.04493
18 60 0 8 0.04492
34 45 0 8 0.04490
29 64 0 8 0.04489
30 64 0 8 0.04479
5 29 0 8 0.04477
37 51 0 8 0.04419
23 62 0 8 0.04391
15 27 0 8 0.04371
8 33 0 8 0.04371
23 49 0 8 0.04365
6 33 0 8 0.04355
30 49 0 8 0.04351
17 52 0 8 0.04351
14 52 0 8 0.04338
6 24 0 8 0.04331
32 47 0 8 0.04329
16 47 0 8 0.04317
1 62 0 8 0.04308
38 53 0 8 0.04300
33 58 0 8 0.04295
7 32 0 8 0.04290
49 58 0 8 0.04288
14 53 0 8 0.04267
8 53 0 8 0.04245
4 56 0 8 0.04234
21 60 0 8 0.04211
11 33 0 8 0.04205
1 61 0 8 0.04197
22 35 0 8 0.04188
18 52 0 8 0.04173
8 20 0 8 0.04165
24 38 0 8 0.04157
10 56 0 8 0.04147
33 62 0 8 0.04144
27 35 0 8 0.04143
3 32 0 8 0.04142
13 50 0 8 0.04141
19 47 0 8 0.04129
14 56 0 8 0.04124
33 51 0 8 0.04120
3 17 0 8 0.04118
15 26 0 8 0.04114
16 25 0 8 0.04099
8 48 0 8 0.04098
28 36 0 8 0.04097
30 60 0 8 0.04090
5 33 0 8 0.04073
3 14 0 8 0.04071
4 33 0 8 0.04063
1 24 0 8 0.04062
12 32 0 8 0.04062
3 59 0 8 0.04060
25 41 0 8 0.04060
33 53 0 8 0.04053
8 30 0 8 0.04040
15 47 0 8 0.04040
22 40 0 8 0.04026
29 39 0 8 0.04012
8 56 0 8 0.04010
48 56 0 8 0.03994
14 29 0 8 0.03987
43 53 0 8 0.03972
40 56 0 8 0.03965
35 52 0 8 0.03955
14 24 0 8 0.03955
21 37 0 8 0.03951
4 29 0 8 0.03942
42 50 0 8 0.03941
2 15 0 8 0.03940
4 18 0 8 0.03936
10 46 0 8 0.03913
3 23 0 8 0.03913
53 63 0 8 0.03905
4 22 0 8 0.03903
41 56 0 8 0.03891
22 49 0 8 0.03890
20 52 0 8 0.03867
1 20 0 8 0.03863
43 50 0 8 0.03857
20 36 0 8 0.03844
38 56 0 8 0.03818
60 67 0 8 0.03812
7 52 0 8 0.03788
12 51 0 8 0.03788
8 52 0 8 0.03784
5 24 0 8 0.03783
3 56 0 8 0.03782
25 34 0 8 0.03768
33 45 0 8 0.03768
5 15 0 8 0.03767
9 24 0 8 0.03763
31 49 0 8 0.03746
2 21 0 8 0.03742
12 45 0 8 0.03738
42 56 0 8 0.03716
29 37 0 8 0.03716
2 18 0 8 0.03715
29 59 0 8 0.03714
39 56 0 8 0.03711
2 29 0 8 0.03708
44 52 0 8 0.03704
4 13 0 8 0.03694
2 30 0 8 0.03674
47 56 0 8 0.03649
2 60 0 8 0.03645
43 52 0 8 0.03643
22 62 0 8 0.03643
2 22 0 8 0.03627
34 56 0 8 0.03621
15 53 0 8 0.03598
3 60 0 8 0.03588
36 56 0 8 0.03564
7 27 0 8 0.03548
9 28 0 8 0.03542
13 48 0 8 0.03535
9 56 0 8 0.03535
23 38 0 8 0.03515
36 53 0 8 0.03511
50 63 0 8 0.03510
9 17 0 8 0.03502
3 26 0 8 0.03493
7 56 0 8 0.03491
26 41 0 8 0.03489
5 56 0 8 0.03483
25 40 0 8 0.03478
9 47 0 8 0.03469
35 45 0 8 0.03463
1 23 0 8 0.03460
21 33 0 8 0.03459
21 36 0 8 0.03457
46 64 0 8 0.03453
16 29 0 8 0.03450
1 32 0 8 0.03444
6 56 0 8 0.03438
8 17 0 8 0.03423
17 56 0 8 0.03412
7 33 0 8 0.03379
23 56 0 8 0.03378
1 16 0 8 0.03372
8 24 0 8 0.03372
16 56 0 8 0.03372
20 56 0 8 0.03372
45 59 0 8 0.03370
4 21 0 8 0.03367
46 63 0 8 0.03339
36 44 0 8 0.03331
23 52 0 8 0.03322
5 13 0 8 0.03303
7 15 0 8 0.03301
20 49 0 8 0.03298
13 33 0 8 0.03288
22 60 0 8 0.03284
60 68 0 8 0.03280
8 15 0 8 0.03271
3 25 0 8 0.03270
37 53 0 8 0.03269
11 56 0 8 0.03257
1 19 0 8 0.03250
1 17 0 8 0.03250
9 53 0 8 0.03225
25 35 0 8 0.03175
3 29 0 8 0.03172
25 59 0 8 0.03167
13 27 0 8 0.03162
30 39 0 8 0.03153
13 53 0 8 0.03138
32 49 0 8 0.03137
22 52 0 8 0.03132
16 52 0 8 0.03132
8 27 0 8 0.03120
23 40 0 8 0.03112
12 33 0 8 0.03112
7 23 0 8 0.03107
48 55 0 8 0.03105
11 28 0 8 0.03104
48 60 0 8 0.03100
40 53 0 8 0.03082
15 56 0 8 0.03076
16 23 0 8 0.03063
14 23 0 8 0.03038
19 56 0 8 0.03031
11 46 0 8 0.03028
9 23 0 8 0.03022
3 24 0 8 0.03013
10 53 0 8 0.03009
1 56 0 8 0.03006
13 56 0 8 0.02996
33 48 0 8 0.02985
45 52 0 8 0.02985
7 30 0 8 0.02981
16 24 0 8 0.02974
25 33 0 8 0.02954
50 58 0 8 0.02951
33 50 0 8 0.02934
21 53 0 8 0.02932
22 56 0 8 0.02926
2 33 0 8 0.02920
9 48 0 8 0.02899
26 62 0 8 0.02892
45 63 0 8 0.02885
29 36 0 8 0.02884
3 15 0 8 0.02868
9 50 0 8 0.02865
21 49 0 8 0.02861
17 49 0 8 0.02852
8 23 0 8 0.02852
12 56 0 8 0.02816
19 59 0 8 0.02815
15 52 0 8 0.02813
9 21 0 8 0.02807
1 26 0 8 0.02806
45 62 0 8 0.02804
7 29 0 8 0.02795
50 64 0 8 0.02783
10 28 0 8 0.02779
18 53 0 8 0.02778
10 50 0 8 0.02776
48 64 0 8 0.02765
47 60 0 8 0.02764
27 38 0 8 0.02763
33 55 0 8 0.02757
49 56 0 8 0.02747
50 61 0 8 0.02723
46 62 0 8 0.02720
30 55 0 8 0.02715
2 13 0 8 0.02705
18 56 0 8 0.02700
10 47 0 8 0.02696
19 52 0 8 0.02682
26 40 0 8 0.02679
21 56 0 8 0.02678
37 55 0 8 0.02673
34 48 0 8 0.02664
34 52 0 8 0.02657
23 59 0 8 0.02645
19 36 0 8 0.02641
6 18 0 8 0.02640
7 24 0 8 0.02637
47 59 0 8 0.02636
15 29 0 8 0.02631
1 25 0 8 0.02623
53 62 0 8 0.02619
24 33 0 8 0.02608
22 37 0 8 0.02604
40 52 0 8 0.02599
39 52 0 8 0.02585
5 22 0 8 0.02582
19 49 0 8 0.02579
30 56 0 8 0.02577
41 50 0 8 0.02576
1 15 0 8 0.02567
39 53 0 8 0.02564
11 48 0 8 0.02557
30 37 0 8 0.02552
12 46 0 8 0.02538
53 61 0 8 0.02534
1 21 0 8 0.02521
1 14 0 8 0.02506
9 52 0 8 0.02499
37 56 0 8 0.02491
35 48 0 8 0.02477
33 46 0 8 0.02475
3 33 0 8 0.02468
30 62 0 8 0.02460
3 18 0 8 0.02460
10 48 0 8 0.02452
5 18 0 8 0.02449
38 46 0 8 0.02432
52 61 0 8 0.02422
3 21 0 8 0.02421
38 45 0 8 0.02421
9 22 0 8 0.02404
6 21 0 8 0.02402
14 22 0 8 0.02393
29 38 0 8 0.02384
16 49 0 8 0.02373
22 38 0 8 0.02372
23 39 0 8 0.02352
42 52 0 8 0.02348
24 36 0 8 0.02346
24 39 0 8 0.02345
36 52 0 8 0.02335
40 48 0 8 0.02333
22 39 0 8 0.02333
14 49 0 8 0.02321
38 52 0 8 0.02316
37 44 0 8 0.02308
9 30 0 8 0.02300
9 18 0 8 0.02290
51 59 0 8 0.02290
1 18 0 8 0.02286
6 22 0 8 0.02285
38 50 0 8 0.02284
53 60 0 8 0.02282
7 49 0 8 0.02279
8 26 0 8 0.02276
3 30 0 8 0.02274
33 59 0 8 0.02264
26 59 0 8 0.02260
27 39 0 8 0.02251
8 21 0 8 0.02242
1 60 0 8 0.02241
41 52 0 8 0.02234
23 37 0 8 0.02226
11 29 0 8 0.02223
33 56 0 8 0.02219
27 59 0 8 0.02218
5 21 0 8 0.02218
8 22 0 8 0.02212
11 47 0 8 0.02203
8 18 0 8 0.02197
7 26 0 8 0.02194
22 59 0 8 0.02191
35 47 0 8 0.02182
24 37 0 8 0.02178
61 68 0 8 0.02178
12 28 0 8 0.02175
10 52 0 8 0.02170
12 47 0 8 0.02165
10 30 0 8 0.02159
33 47 0 8 0.02123
13 52 0 8 0.02118
13 26 0 8 0.02105
30 52 0 8 0.02095
9 27 0 8 0.02088
1 33 0 8 0.02080
10 24 0 8 0.02062
18 49 0 8 0.02051
10 20 0 8 0.02047
12 50 0 8 0.02042
49 60 0 8 0.02036
3 22 0 8 0.02036
48 63 0 8 0.02028
15 25 0 8 0.02024
10 21 0 8 0.02020
49 64 0 8 0.02020
30 38 0 8 0.02003
7 18 0 8 0.02001
3 13 0 8 0.01981
34 47 0 8 0.01979
12 48 0 8 0.01972
1 59 0 8 0.01962
33 52 0 8 0.01961
30 59 0 8 0.01952
47 64 0 8 0.01951
11 53 0 8 0.01944
1 22 0 8 0.01942
13 29 0 8 0.01929
12 30 0 8 0.01919
8 29 0 8 0.01917
25 36 0 8 0.01916
10 19 0 8 0.01896
12 53 0 8 0.01888
48 61 0 8 0.01880
14 21 0 8 0.01875
7 21 0 8 0.01866
1 29 0 8 0.01855
15 49 0 8 0.01845
10 18 0 8 0.01845
36 50 0 8 0.01843
11 30 0 8 0.01835
11 50 0 8 0.01834
11 52 0 8 0.01818
41 48 0 8 0.01811
40 47 0 8 0.01807
9 26 0 8 0.01805
8 25 0 8 0.01800
7 25 0 8 0.01798
22 36 0 8 0.01798
37 52 0 8 0.01790
39 46 0 8 0.01773
13 49 0 8 0.01765
50 62 0 8 0.01749
49 61 0 8 0.01746
23 36 0 8 0.01742
7 22 0 8 0.01740
52 60 0 8 0.01739
2 9 0 8 0.01735
8 49 0 8 0.01733
34 49 0 8 0.01732
15 22 0 8 0.01727
48 59 0 8 0.01724
47 63 0 8 0.01718
1 9 0 8 0.01700
33 49 0 8 0.01678
36 48 0 8 0.01665
1 13 0 8 0.01657
52 59 0 8 0.01655
9 25 0 8 0.01654
1 30 0 8 0.01653
10 22 0 8 0.01651
48 62 0 8 0.01646
1 10 0 8 0.01644
50 59 0 8 0.01642
36 45 0 8 0.01635
2 10 0 8 0.01607
10 17 0 8 0.01605
26 36 0 8 0.01604
40 50 0 8 0.01600
36 46 0 8 0.01590
11 18 0 8 0.01586
27 36 0 8 0.01585
26 37 0 8 0.01576
10 23 0 8 0.01571
12 29 0 8 0.01568
1 8 0 8 0.01537
47 61 0 8 0.01519
11 26 0 8 0.01511
49 59 0 8 0.01506
13 24 0 8 0.01502
12 21 0 8 0.01502
49 63 0 8 0.01495
12 19 0 8 0.01490
47 62 0 8 0.01482
36 47 0 8 0.01476
15 24 0 8 0.01466
27 37 0 8 0.01463
1 11 0 8 0.01463
15 23 0 8 0.01462
1 12 0 8 0.01444
4 11 0 8 0.01443
39 47 0 8 0.01428
11 21 0 8 0.01426
11 22 0 8 0.01424
11 19 0 8 0.01421
2 12 0 8 0.01420
10 29 0 8 0.01419
39 50 0 8 0.01417
49 62 0 8 0.01398
12 24 0 8 0.01396
2 11 0 8 0.01387
13 25 0 8 0.01387
12 22 0 8 0.01386
12 52 0 8 0.01365
3 10 0 8 0.01364
11 24 0 8 0.01359
9 49 0 8 0.01353
37 50 0 8 0.01340
4 12 0 8 0.01335
10 26 0 8 0.01326
25 37 0 8 0.01316
39 48 0 8 0.01313
25 38 0 8 0.01290
10 25 0 8 0.01280
11 20 0 8 0.01272
26 38 0 8 0.01270
10 27 0 8 0.01260
12 20 0 8 0.01259
50 60 0 8 0.01252
13 21 0 8 0.01248
11 23 0 8 0.01246
3 11 0 8 0.01242
35 49 0 8 0.01230
12 23 0 8 0.01219
37 45 0 8 0.01213
13 22 0 8 0.01202
13 20 0 8 0.01187
12 26 0 8 0.01186
5 12 0 8 0.01171
11 27 0 8 0.01170
11 25 0 8 0.01162
12 27 0 8 0.01161
40 49 0 8 0.01151
13 23 0 8 0.01141
38 47 0 8 0.01120
37 46 0 8 0.01099
3 12 0 8 0.01071
25 39 0 8 0.01053
12 25 0 8 0.01034
26 39 0 8 0.01030
9 29 0 8 0.01021
36 49 0 8 0.01013
42 49 0 8 0.01012
10 49 0 8 0.00999
12 49 0 8 0.00998
37 48 0 8 0.00983
41 49 0 8 0.00972
11 49 0 8 0.00944
38 48 0 8 0.00933
37 47 0 8 0.00874
39 49 0 8 0.00666
37 49 0 8 0.00654
38 49 0 8 0.00613