0.9104230330336537
1.2442941759361164
0.8620199797806163
0.9607472071540257
2.20633508281624
1.2754662854774772
1.6687028407856803
3.0504917435628496
1.4417630084780753
0.11609354083515837
3.1291888619016985
2.0866276078418866
0.9705772488103691
2.203647125009878
0.9669220034790714
0.15078788971274734
3.0091799791188105
2.5651101210794782
2.209439977569358
0.8069754872241772
2.6318953859659544
2.8835742718711566
2.6243506768394247
1.5994467901295282
2.306129938290858
0.7005373203852838
1.9131928429300882
3.078941545417579
2.278458168378426
0.16651270082192166
1.3900648038646382
1.813449748417821
2.3150374718874582
0.028788715637469275
1.2510260270975646
2.2978247407033
1.5214172269786685
2.5236564661729535
2.2873786393040523
0.24703075001141303
0.29668197749729563
3.1159212825710254
0.0684325456107959
0.37283690174011425
1.3277616761399385
2.313966319198198
0.4760799377466662
0.8018805775524046
1.4651632615978762
0.23834673065998574
2.8542315520700443
1.929009346912404
2.6081207355577947
1.5334126618926416
2.349033712298446
2.633706074069279
1.4216865391424671
1.1728202005812634
2.4662173299557417
3.0480026318585094
0.3093994621350855
0.6292509055277785
0.6002676849477468
2.123549145521639
2.5785466712689904
1.4154568527034126
1.323732146078748
1.950834228749734
0.6865940650555756
2.3359282974407507
0.6292209269903076
2.666307973957027
2.952212219887458
1.7785219672897024
1.9028690839147284
1.2413894734455222
2.5206379956726126
2.7627425822030967
0.09968217282164259
1.3295975146178571
1.0138272171643103
3.1103197432161727
2.981191790564291
1.3286714335067764
1.8392735829591422
0.7928019485858658
3.0742525045036007
1.7151576590695081
0.3070862894274853
1.3563626361594394
0.20051382912830518
0.7767991730148863
1.9749732771870774
0.7419275268221226
2.493171291026704
0.5512893021461541
2.930874449645052
1.4870388467234494
0.4067352208783704
0.2592055354878721
2.4936675179613643
0.0801245128480739
1.9451658357384163
1.5658797702125447
0.5957088237302332
1.6603936832816506
0.30074831855929113
0.9948937477997293
2.5520834550175087
3.131256155508915
1.1568766700489215
0.14645465348222447
0.8876110963367347
0.4737013707169352
2.2148318728278054
0.5451540630170234
0.9698510716104258
2.500106089921872
1.962137828908943
1.286624019232419
2.916427703096336
1.5118405586031285
0.07285084658375714
0.34647477844565233
0.0682462573316603
1.122141170823509
0.3690780481982443
2.3680366514136164
0.944273531573336
3.07686177940589
0.6219984492018752
2.2630801280082244
1.3097910431822797
0.2582940502888516
2.498854863844924
1.1190307448580799
1.6321102847330256
2.8871528208991264
2.639383956222485
2.917656748122375
1.942550388692769
0.24733167940321904
1.2672400550329894
0.46170978869832635
2.283564988585596
0.8423402502251051
2.5715116634373185
1.384977809591803
0.27626505338819063
0.14424349706499778
2.951081426662697
2.4262566540650514
0.3940318499504674
1.863342665950377
2.303842280206206
2.115199609070467
3.0765070515464283
0.9736245721687093
0.3655946295350681
2.3500393717632013
0.2759227489942625
1.9463493330858834
0.476781287075969
2.4984084678747553
2.125096742220563
1.1458956526341233
0.40657197895907005
0.41774116631519975
2.0314826800200105
1.6312494251159773
1.9397243179780113
0.21062395045382884
1.2528953142789048
1.3956486396078829
1.6362605073416017
2.211682988958675
0.2275141905926962
1.7331328041634986
1.2928980438759365
1.4664825301040587
1.8018963465131272
0.5136244301576292
1.2655435896146956
1.0699396017150498
1.579156596159254
1.0922298592647124
2.829722702982861
2.8555525239572375
2.2838595691896306
1.4673521037801385
1.0464542363267029
3.022371392078412
1.8078576505620234
1.5282510213317466
0.6749135196351127
0.3551182708202365
0.9939513175111356
0.36370087466425255
1.957166644426664
0.9082422710046321
2.7544310823701004
2.1159331837691115
0.08701876979119064
0.20422453318504058
1.5486822267045781
1.89665359848635
2.4670159266440987
0.5801977820338944
0.2667698083807354
0.4144848587521243
1.7528763524466136
0.5075887740137002
0.15632981224725498
1.8613648909476548
1.5738928513600718
2.9802072175221084
2.775773200509586
2.3529742239818834
2.8291691353593538
3.0796709115079026
1.8778604826996645
2.9350156932881752
1.9579880814507813
2.7949207862903913
1.3086396384237844
2.42247922774163
2.267701420236079
1.7352622603744516
1.5179391027471594
1.8238936308639626
0.8859248437165297
0.08644934594327439
0.27032284572761434
0.9397367255802798
2.926218983049373
1.807688419693341
1.3833062410875634
1.4661501190636375
0.4111548264101067
1.283399009386179
1.3925635233999345
2.5468736551914293
1.1961579562923959
2.2053743908708348
3.1207066883122403
0.21386715815090118
0.7441037406947518
1.5022552041801212
1.3809008862657297
2.8597229244940534
1.1769765566320414
0.46170731690144934
2.380284118393361
0.9179592234223287
2.750663533425239
1.3904379119985633
2.2890626611342824
1.622891942681122
0.3713902235805562
0.12061127436348887
2.499719529008045
1.207534872972985
2.0757945459895697
3.097944307485039
2.8140890604701623
1.910946821720469
0.22992240040718914
1.5648806277457628
2.3420137350679098
1.4385567274445261
2.5594555443702207
2.0174879105813828
2.085797925939132
0.3024969535274461
1.4479460085968299
1.738970502917131
1.3570617017313176
1.0878587063518743
0.2407818542950137
0.9033156799336093
0.764054242033212
2.6379176111772447
1.4018758388099424
0.8977283316167424
1.3333913228302685
0.7301616648287106
0.5602345953588715
1.7551733484360246
1.7377860375749141
0.7809197295976669
2.479511128268764
2.2293597585239513
1.1013321280389212
1.2257814827808544
1.1006317226898445
2.3247160487271485
1.978091884233997
0.6474874070076745
2.3009811920860948
2.1874004477355995
1.7265561458503336
2.1417070766413495
2.8620152915803665
1.3111006200624074
2.8885768482794205
0.6033542869259744
0.4097056000071845
2.44429140647492
2.349133723042001
2.150292161529249
0.4496377141776971
2.5321520439993357
1.749077810028405
0.624801416867528
1.5426698039676185
0.5862043779075627
2.7167028474691293
0.8033947751897074
1.991428944931618
3.030974769508858
2.0052328447960384
2.8105945447390623
3.069471908974276
2.2680554587892114
1.2892618005108283
1.9094903838050659
2.9640570217468487
0.3038940253895567
0.813402393695231
1.1547743988793342
1.4502257828255152
0.2550058900149762
1.398466527718806
2.499652233782548
2.811743161621487
0.7822230921085588
2.396558842531124
1.2259043794689923
0.001967157557824256
1.4841735054886074
1.8617998657484525
1.486295126261209
0.6086857448987086
2.2917646538547216
3.074041043955428
0.3689244740630048
2.673013970066807
1.2413099500104152
2.2302748058905566
2.7723375303821247
0.2391042505297564
0.04379835904334671
1.6239232763552638
1.14280877645783
0.6734555384205524
2.5044663678322623
0.7922326508010675
0.19877475334253195
1.4843814945020974
1.0587414017047891
2.7613291815829304
0.18197483194265107
0.3130753628312005
1.137535512201265
2.6300039294926862
1.1073114255626515
0.8741090711664802
0.3007279552543632
0.7821804180903191
2.8481687514951255
0.6924611146578867
0.820082946921927
1.7208401789836245
2.143237959504577
1.1976258012391559
3.090449806986614
0.5270486029700352
1.249507720680488
1.785354244614674
2.597799876566892
1.8273848927302914
0.6938407922403909
2.779071289062963
0.6061151804832325
1.1651040393787049
2.9860189017893752
1.7377505546611243
1.1395928693589243
0.5659406236147115
1.271553026247565
2.9817267821359814
1.7543163443265835
1.684657141511959
2.8114968550140467
2.472157291018809
2.5859303597634637
2.5790990505268834
2.3355325352133676
1.070553672977839
0.6642743463006029
0.48897651380011786
2.455846455593357
0.46466872976168755
1.6264757390391102
2.447388538347811
1.3800587517576879
1.8669861644813799
1.0678898344247283
3.0904013241150117
0.08519979352948935
0.3662297026456172
2.8623908865397443
0.776228379293891
0.1787465724096402
1.7920029478482584
2.981643786410926
2.590274819624856
3.111661637394563
1.8973555882908355
3.133764741724446
2.82896985430365
0.9351255246496256
1.129427325907616
0.4226953224245516
1.3941117567806613
2.064385515445576
2.5449164533967052
1.1816984969878672
0.5159323473658886
3.077084365698775
2.9874854209507915
0.5532504315898482
1.9783447134369336
2.035481449745656
0.8913805322736478
0.4537923886030603
1.7693497908933051
0.23833598654831809
0.04206648241714393
0.9972065732434051
2.080189189599478
3.111761632279326
2.339094985353371
1.0564370910870475
2.9905234517059345
1.740877799939812
2.9726929853035355
1.4065331285854732
2.9468591617570974
0.33945287908927213
1.6484621565039703
0.9523430771025014
1.6163480901568947
2.841273428000999
2.9966912080223214
1.152594452754654
2.160852683561363
1.5286418721802681
0.45812534539662336
1.781129563388623
0.32688734128931
2.410173373913302
1.4215993745220106
2.703681005381907
2.4343055725913745
2.5926387117659098
0.5569812454470822
1.603439398612864
0.7604093700393891
2.5588790192532214
0.3494321506568544
0.606580790839022
2.2445471602944433
0.6216573277596004
2.626014620400196
1.9105005073634738
0.19242391021298208
1.978180830300403
2.8909808757395474
2.270749242264727
0.4102060791594702
0.9858007391671499
2.70825980814346
1.866991438540786
1.2383523173010311
1.7163862302350592
0.04105481134738212
1.4290318507992257
2.843497484326791
0.33635490966820275
1.7593510465754898
0.9613094252759101
2.756729018504617
0.4948931698349511
2.022739031487524
1.7095038927082742
2.024408228346736
0.40238462450227447
1.3853500819106792
2.6603262744979066
1.5658847530499576
1.0884349880797626
1.3087355652538677
0.11624195049541486
2.858764561865177
1.9447298091359375
0.4665062102485914
1.3694809337782812
0.5413808590487831
2.6053301419106853
1.894133957754071
2.9859992524303447
2.9071531559852457
0.32368849547514816
1.3654506244711542
1.4290061856230447
1.7828742892589045
1.608957834955059
3.133003178655075
0.7900796050272771
2.8060301333756845
3.067282330554456
2.6610290786524713
2.7651948523098073
1.137774990979835
2.9003783940710104
1.3426215958734036
2.4206391953416087
0.8430324482894438
2.1760567262927575
1.711548375885891
0.9722900112229838
1.1736132902953051
1.6215559256313377
2.3152785341062603
1.554809095861298
2.1897504780878814
1.7049257112261476
2.2916239394955777
1.8654701269723855
2.9546074726781177
2.3320438108741515
1.106536772092082
0.5895431254425606
1.4499765530039135
2.948920669727833
0.536476205848735
2.3410388261608186
2.0958757648540667
0.1578744485514689
2.5734404213870845
0.4708019342207522
2.1181319161607157
1.5952784975571257
1.5234625952427618
2.5247903255221793
0.08591933653496117
1.2776023182605896
0.4298494835005616
1.308603086508897
0.9509483981467133
2.371036004423688
0.5287620544979293
2.775972632648427
2.115380817533007
0.6954505132049418
0.9814026636353328
0.7623309159460648
0.7332441948218554
1.9238777412123207
2.0506814623335825
3.085469248400061
1.497605783596372
2.114844767670986
2.169241244111259
0.2249713680267631
0.4632864015128008
2.1306667557944157
0.6530579328799115
1.2437223001217235
0.1817748198353137
2.1230308896623122
0.2622545039631037
0.05638507811048687
2.7345687604857525
2.000628754539273
1.5652045339084542
0.46824726371041325
0.2577340576585295
0.0863579924482683
2.023871395231016
0.9180001306081362
3.09379781681082
0.49982892471016704
0.731337357834815
1.0070200520235297
1.8867504977608203
0.9666511259585945
1.3126100646813135
1.8589535255388092
1.7332596958916773
0.8658463889913652
0.49190739804975553
2.970222063293566
1.0026244164433658
0.5955806759258331
1.7928538431518475
1.536129428987745
0.0693994813005822
2.4298498796406816
0.2114097081509421
1.2359660786021467
1.3608071376460242
0.32472411803129086
2.89095063982109
2.145021711069474
1.4407201638188631
1.362595176816333
0.11939752912621855
2.7848659842430536
3.0795907449268864
2.811435052681398
3.0938218571830185
2.693178885448922
2.9283332239730435
2.197746821974146
1.8215664683692154
0.5026087461133948
1.6010226231383307
1.1522846391098285
0.2525448138809593
0.7755014591440026
1.7043948729443037
2.8116781793278864
1.8328985319897284
1.4096839889330723
0.24174050166595473
2.291646068263386
1.1231888416235085
1.3775332946691947
1.9018152506889185
1.1954912178421189
1.6940127925830808
2.5093542232883523
3.0828207544817117
2.8952464488443397
0.1365430244644315
1.691688129398011
0.09236736389644275
0.1363719619924444
2.488142084062587
0.4435899239203593
2.240324985815573
0.8661533055918202
1.0490953479212404
2.5083599974735833
0.9213159316352705
0.6156573277137161
0.641398592401655
0.5375800493623566
3.0523282721803944
2.6560400771505646
1.0582435910864403
2.818654843403282
1.819949755433096
1.1666629631284438
2.130576607037621
1.1722275471649672
1.3951139711726683
2.090960218594114
0.03138198500535939
1.9352616645581144
1.1586567510728754
1.7650688865272754
1.373349793397164
0.8081617848523918
0.46594828526860005
2.1547804448622228
0.030258964424670062
2.174915277234441
1.5064125524161494
2.3333954372677432
0.8528274434418691
2.456524066029989
0.21188017401481032
2.2113417435242293
2.2704407333760837
0.06148899241488946
2.2575405184831947
1.4055030353551095
0.011964486765116002
0.2990321188350082
1.8462843731803549
2.23554531363613
2.861591149629569
1.920004493748164
1.264132667942762
0.5581717512757316
3.0167167417860083
2.38314504697053
0.21661434270293062
1.6533259248042658
1.3764253853723427
2.9300970738939593
0.7352161521000663
0.6142656064229667
2.2407480369497272
1.6310837647932044
3.082971663877121
0.09091133164112948
1.4051539271969828
2.5230982261272503
0.05273942109665173
1.5309785075067885
1.3517006141330365
2.189359069604231
2.813475655624807
0.8864568021401135
2.1828338621077834
2.0315079708579216
1.2997988793155413
3.1240195083667106
1.6370037505471433
1.6554887599669597
0.2939219596709948
2.8235773179087893
2.072868994992342
1.2096203188633077
0.9349193276989818
1.8260291865678522
0.7196792400184303
1.966933508889712
0.7703112932667104
0.4110960232632796
0.7114618576982245
2.815893758395593
1.1171944314012239
1.8862908326190233
1.6310738360348878
2.7199070430344974
0.7666703160111842
0.2438679110670295
2.9860634384536096
0.3382256726618675
0.6764043681282004
2.6231163321598054
1.0214510964657697
1.7622667032367316
2.672880462992172
0.5700712549046174
0.664076353207865
0.9220121345122642
2.037319650963656
0.41857755216255355
2.0524641390555978
0.7091793528969084
0.7229681225753926
1.479721035130325
0.6030776910427559
1.1196524514579957
1.2315361622151175
2.853001853380246
2.7659430426621423
2.2695839570791163
2.824652740186646
1.2467616292527814
0.3159602790074506
3.120946938512799
0.9129357464946669
0.5265181141539528
2.0354761625450895
0.9993866564422018
2.4696885586297084
2.748320539577517
2.34057627922209
2.797170096946492
2.9027023628623834
2.6511558479723814
3.133469603590539
3.066626720948825
1.128608994761307
1.800482037859873
0.2936188644953626
2.8919906971353226
2.1857479969522586
0.6549297093641732
2.384559188195476
0.5594632654769924
2.5941114048282246
0.1047940725136756
2.6391175944481793
2.0159129807497815
1.2662515717978573
2.0269468460307953
2.4341886885771995
1.601295862495141
1.4257906956167998
0.72388556253492
0.22983873243445738
2.629330439755439
1.283826681226956
2.2102778248535784
0.8225358170496365
2.7836018198348205
2.880338676950698
0.983979833838228
2.225701994190652
0.7034996671062738
0.7283501456533377
1.0235817342168323
1.703564670337936
1.5561491137711687
0.9588214339273785
1.4673549013652942
2.475317529283003
1.8837358315423947
2.553369711758822
1.8658488337206487
2.119308839755384
2.7645765418074117
2.03305490233814
0.7418974892849759
0.7913266997747194
0.8653525890074604
2.4316891755389127
1.7614345893862975
0.505461659965039
2.635236281116363
0.5947971908701423
2.6295646292782524
1.1359078557508517
1.822926604467414
1.5241646989309225
1.5042014236317554
3.1187805846065864
2.960013085202532
0.5346631725166956
1.6586751630898688
2.0416595640571855
2.9294642484127116
0.10738762658729344
1.7091632259906926
2.610538727226136
2.119035782941353
1.1731335357129649
0.6888176238829267
1.0033578811045465
0.5430213011827514
0.3332495829812555
2.3492239742651675
0.04524360159540506
2.1469966606666873
0.16476965886859857
1.8749357994453641
0.7262383224301588
0.3084540839645246
2.761821681236639
0.24755980627551225
2.263234086582955
1.9863263804562696
1.5764024884373644
2.7645150674955117
2.909126270968923
2.445226098478382
1.312358838322809
3.0140308961737086
0.9331226900190368
2.1447099426375957
1.8809221715298288
1.4608644572842293
1.709945329649833
0.8286381568617122
0.875588782737668
0.47725442116457256
1.8532425321510706
0.9445079455426432
2.9276857753164025
2.6229136889775577
1.509497565077487
2.2872116918737855
2.13922476301515
2.961294005446756
1.4277261684387108
0.6286390291347101
2.432006577822513
0.7438510570360013
1.5785159446581463
1.1899278037644927
0.13465863424081864
1.0635945881963031
3.0922406523775385
0.4470792267863852
1.3573299967725987
2.4949194314910974
2.383713734053131
0.5065015556345297
0.8175185192068465
2.317720504263344
0.6502172526640513
0.8265147387069732
0.0795736489666218
2.1256869240999214
1.6811696601187818
0.17014557506234315
2.918912912483653
0.5121514519423737
0.3566882485175944
0.10213434649375291
2.896334984802615
2.715563880005854
1.5838583945736682
2.299467853931145
2.5600303068752672
3.038047862062177
0.27856503762452134
1.481119562683077
2.6055665675047726
1.9506504966335385
1.8625865550407845
1.7597635425665363
2.2810127770981903
0.38090276682129365
0.9550154837684274
0.9779558716802838
0.7872870236689969
0.2962557381138389
2.6909090790247543
0.4623787384287945
1.447436721461751
1.2666755449546314
1.6885781455616968
2.929875063702645
1.9528080870110494
1.0824461301883146
2.490037279265954
1.9347352451005206
1.444337356211593
2.8587935468863104
2.1753327206110424
2.9511997494297755
0.7734922852746756
1.8409962108837565
1.6766832963126939
0.03848936429524395
1.49941072725346
3.0660959604467974
1.3016202630749765
1.2713079487601404
1.659749702091271
1.9822159508426187
1.117279600246413
2.7669261467909436
3.0880278815769002
2.486083874292365
2.5359197830025675
2.79070450042644
2.123787072644053
0.24218381877153863
1.315628776585597
1.5889478352950666
1.2247562497885585
1.2036507403918202
2.50469441052509
0.7229866306522309
1.4466840789440938
0.07838388128073831
2.72754778491084
3.0969303820894973
2.62890772220115
1.8065114376467704
0.5811946066382059
2.1757658629842993
0.37279529360430236
0.47382471014231864
2.915774221691525
0.8882570690907104
1.1444795419469846
0.5058000595749912
0.7986430654373411
2.917831520240125
1.6296518879530482
2.1098617494086787
3.066512936323243
2.620307475901315
3.020801361909038
2.934324738665148
1.1717931905707322
2.0280678560201264
2.1622414683418776
3.003879328613902
1.6929759733222887
1.1051937144333228
0.8312456756843184
1.0769023621047595
0.2873967781368121
2.425367506110973
2.2639839939537207
2.084857038368088
2.9986927287621907
2.4459409043557807
